100 100 200
44 33
54 32
16 35
32 61
17 17
48 59
48 54
34 56
39 46
48 39
61 67
49 53
58 42
50 33
42 19
58 54
61 58
3 50
61 32
45 63
68 54
37 48
25 50
59 46
55 26
69 41
41 35
54 67
71 7
67 66
52 46
73 13
56 69
53 35
31 67
42 54
56 64
32 59
54 42
31 47
59 55
53 68
39 54
58 21
69 33
71 63
54 53
55 74
53 50
69 61
51 21
43 58
55 58
66 37
12 46
37 30
50 46
65 50
46 54
58 59
37 38
58 55
50 59
42 69
57 44
57 60
65 29
77 38
44 35
59 36
32 54
73 51
14 83
49 56
44 61
47 51
35 54
36 31
72 38
51 53
50 44
44 32
59 42
28 81
72 35
31 49
51 50
41 39
49 60
37 72
36 74
43 86
30 61
76 55
10 59
40 31
81 43
58 45
43 58
53 37
27 68
77 51
41 53
56 17
53 84
46 73
63 25
31 46
36 27
55 55
9 60
23 37
53 67
56 42
58 61
41 58
42 43
52 54
63 48
43 47
34 63
48 27
65 38
31 22
26 50
37 26
47 44
49 53
52 35
96 36
48 68
29 57
32 39
44 28
31 54
15 74
46 53
81 50
61 62
50 40
27 39
57 46
33 80
55 46
52 43
38 32
71 77
39 68
56 35
68 21
44 79
40 81
60 33
8 55
40 44
60 51
48 52
67 70
50 69
41 57
67 38
36 75
38 51
54 43
45 32
8 60
48 33
51 54
47 55
31 52
54 74
61 54
48 55
83 42
54 31
15 61
57 59
44 33
41 42
63 24
60 36
49 36
45 33
27 51
59 54
54 64
23 27
37 49
27 45
75 58
53 50
36 85
26 47
19 60
45 71
86 51
53 36
47 16
35 50
57 65
