200 156
8 46
57 46
18 46
23 46
10 46
8 46
8 46
4 46
16 46
18 46
12 46
13 46
5 46
8 19
57 19
18 19
23 19
10 19
8 19
8 19
4 19
16 19
18 19
12 19
13 19
5 19
8 45
57 45
18 45
23 45
10 45
8 45
8 45
4 45
16 45
18 45
12 45
13 45
5 45
8 6
57 6
18 6
23 6
10 6
8 6
8 6
4 6
16 6
18 6
12 6
13 6
5 6
8 2
57 2
18 2
23 2
10 2
8 2
8 2
4 2
16 2
18 2
12 2
13 2
5 2
8 2
57 2
18 2
23 2
10 2
8 2
8 2
4 2
16 2
18 2
12 2
13 2
5 2
8 11
57 11
18 11
23 11
10 11
8 11
8 11
4 11
16 11
18 11
12 11
13 11
5 11
8 1
57 1
18 1
23 1
10 1
8 1
8 1
4 1
16 1
18 1
12 1
13 1
5 1
8 2
57 2
18 2
23 2
10 2
8 2
8 2
4 2
16 2
18 2
12 2
13 2
5 2
8 28
57 28
18 28
23 28
10 28
8 28
8 28
4 28
16 28
18 28
12 28
13 28
5 28
8 12
57 12
18 12
23 12
10 12
8 12
8 12
4 12
16 12
18 12
12 12
13 12
5 12
8 26
57 26
18 26
23 26
10 26
8 26
8 26
4 26
16 26
18 26
12 26
13 26
5 26
