50 1000
9 8
5 4
22 4
40 17
15 5
35 13
42 16
34 17
43 7
7 5
27 18
31 4
32 3
14 9
35 14
16 2
17 16
40 19
18 9
7 7
9 6
48 12
1 18
12 14
39 5
37 15
42 20
46 7
7 19
30 3
4 7
23 14
23 1
12 2
32 7
5 14
29 16
19 20
35 11
14 9
25 5
41 8
22 14
30 1
11 16
8 13
35 5
31 13
11 14
35 11
3 1
6 15
29 20
25 10
34 18
48 1
30 1
48 14
6 4
24 12
12 16
25 17
35 20
19 20
33 3
21 3
3 17
40 11
31 4
12 15
10 5
23 1
7 1
38 2
2 12
30 1
47 20
48 13
1 10
15 2
38 7
48 14
4 5
10 5
40 10
10 8
35 15
5 12
22 16
3 6
35 7
42 6
42 2
16 1
34 18
48 14
9 17
16 8
3 13
34 7
28 12
25 3
1 8
28 17
47 1
40 16
45 7
22 15
18 18
25 18
13 12
36 7
11 12
19 2
29 20
10 8
9 19
20 20
24 8
36 2
7 5
24 17
36 15
44 11
22 11
7 3
48 12
4 18
50 7
6 17
33 18
27 11
9 18
37 2
19 19
49 20
15 11
6 15
10 8
15 1
20 4
27 10
14 18
17 4
46 6
8 7
27 5
39 10
44 5
10 17
30 11
40 17
34 16
23 15
48 14
50 9
29 8
41 7
50 1
28 9
50 9
32 12
17 6
13 2
26 15
44 12
10 12
1 13
40 8
6 1
33 18
13 15
38 18
16 8
44 14
48 6
39 15
46 12
7 4
17 20
15 11
35 16
16 20
22 11
47 3
16 20
44 11
46 12
39 19
50 3
49 16
10 20
46 12
42 3
11 6
34 1
23 14
8 8
49 4
12 6
39 15
42 2
24 17
34 4
4 12
43 8
30 16
35 2
30 20
28 13
46 7
16 7
13 9
3 19
7 14
35 13
16 8
30 12
13 17
13 5
48 17
50 17
5 6
26 6
44 17
1 12
38 6
42 8
43 12
39 2
48 6
8 17
20 14
16 6
46 4
44 4
26 13
41 16
26 4
8 1
9 9
43 14
41 18
35 15
13 15
9 1
4 2
23 18
14 9
40 12
41 11
24 12
21 6
20 10
49 3
7 3
5 16
22 20
4 7
31 12
27 16
11 5
24 18
14 16
21 9
36 12
20 13
33 19
35 7
10 8
2 17
45 2
20 17
23 14
43 18
21 7
22 10
12 6
50 16
11 7
34 3
46 2
2 14
21 1
25 4
3 16
11 18
28 11
46 3
17 12
16 14
43 1
47 7
21 4
34 3
45 5
10 19
16 9
44 19
47 19
30 10
32 12
50 16
42 10
25 15
19 1
33 8
40 7
18 19
30 5
4 5
31 13
46 15
37 9
50 9
18 16
14 2
9 3
2 9
32 12
40 19
6 8
46 16
36 1
43 7
44 1
28 6
28 6
36 18
15 14
26 3
9 2
12 15
33 7
28 11
15 1
22 1
50 11
32 5
47 19
15 11
35 11
16 15
27 18
12 13
32 16
20 19
44 4
43 6
9 7
27 12
6 1
48 3
15 5
44 10
49 19
15 16
26 1
34 20
46 1
23 20
47 19
50 2
16 9
9 15
44 19
33 9
20 9
25 18
32 4
19 7
15 20
8 1
40 8
11 15
45 6
24 2
16 16
22 2
30 2
30 4
47 5
10 18
19 4
8 12
32 18
46 14
13 13
23 16
10 16
33 6
30 3
2 11
19 15
29 4
50 8
16 5
28 12
43 4
30 15
44 5
19 5
34 6
5 14
15 6
44 15
23 7
31 4
5 9
16 18
37 12
6 8
14 8
25 2
3 13
48 9
24 14
49 6
45 7
41 17
12 14
17 15
23 15
29 13
28 13
7 3
15 12
1 1
47 20
47 6
41 8
49 4
50 16
40 18
8 3
32 13
24 20
32 11
5 15
19 12
29 5
27 9
43 9
26 2
11 9
2 17
22 6
25 6
48 5
44 19
22 14
5 11
5 10
7 4
44 2
26 6
8 9
1 15
31 4
36 2
43 9
26 1
4 15
28 1
43 9
35 11
29 6
38 7
42 9
50 18
41 3
24 17
6 11
10 10
41 5
28 9
21 11
16 10
21 5
17 15
49 15
23 17
18 9
37 18
17 18
38 19
20 12
18 19
18 9
4 16
9 18
5 9
2 10
37 11
26 2
30 18
14 13
13 16
27 19
17 9
45 2
12 19
48 19
12 19
27 4
31 5
39 5
40 8
4 15
17 14
19 10
17 3
31 5
17 8
45 18
17 14
11 8
37 16
18 5
24 7
5 17
25 1
18 10
29 13
4 5
41 10
37 11
24 11
46 11
45 15
27 19
20 2
12 9
30 19
47 13
42 16
10 9
1 13
24 4
13 3
15 10
9 5
31 18
24 17
25 4
41 5
31 14
10 20
28 6
35 16
38 20
35 9
13 2
11 17
29 17
29 19
16 12
43 9
26 20
2 10
25 4
32 5
30 17
13 19
31 5
18 15
50 17
18 16
5 8
43 8
14 7
43 12
25 20
37 2
3 1
19 19
45 19
8 3
39 1
30 2
37 13
2 17
12 2
30 18
45 11
21 16
24 14
45 8
39 19
26 20
39 3
24 2
5 18
45 16
13 10
32 4
35 4
3 6
13 19
14 19
4 5
36 13
18 17
24 13
24 11
49 15
3 12
6 8
6 17
33 17
48 20
50 2
28 17
29 20
15 9
34 6
45 14
38 3
36 18
5 19
29 3
33 7
37 1
45 7
10 12
11 12
43 16
37 9
28 11
40 13
37 10
4 8
10 7
47 1
48 2
28 20
7 15
50 18
50 1
14 11
16 5
18 18
18 11
47 15
11 11
10 17
16 8
36 1
20 3
49 5
50 18
32 19
25 20
15 11
38 19
27 9
1 2
6 15
26 16
27 8
29 8
11 16
9 15
36 19
29 9
48 2
4 20
20 2
24 4
38 2
24 7
24 1
22 17
47 16
3 14
7 3
38 18
19 2
10 1
25 1
35 2
26 17
50 3
23 17
21 6
16 20
32 10
28 14
6 14
9 19
33 12
26 4
41 6
43 3
44 16
36 9
37 6
50 20
27 19
13 14
28 7
22 2
28 12
29 4
40 15
28 4
49 4
21 3
33 16
10 2
21 13
32 1
13 8
13 13
27 16
36 2
4 4
21 6
7 10
24 12
39 4
8 14
11 11
45 20
34 12
47 20
37 7
31 2
48 8
35 6
38 13
45 5
8 3
37 19
37 10
45 8
30 18
29 7
45 16
12 16
42 8
20 15
50 2
29 9
7 11
20 4
13 3
47 1
42 7
13 8
13 17
50 12
17 11
3 4
15 16
25 12
47 3
50 17
17 19
20 13
24 2
27 14
3 16
15 12
24 17
7 13
33 11
40 10
25 19
8 6
8 11
15 17
43 5
27 10
47 20
20 12
23 10
50 9
19 11
26 10
44 10
12 5
25 14
17 19
48 1
46 13
3 18
37 11
11 17
46 7
19 19
15 17
47 3
12 4
49 9
9 9
47 10
49 10
6 10
25 15
15 12
44 4
42 19
36 2
38 7
41 9
22 7
17 12
10 7
15 8
38 17
40 20
12 3
10 7
2 17
5 7
17 18
24 1
44 4
49 6
38 5
8 3
23 12
42 15
42 3
45 5
11 4
15 16
24 16
5 1
34 1
15 19
22 14
28 3
12 2
16 7
19 3
45 10
1 15
38 17
33 3
25 9
20 11
37 5
2 6
45 2
45 19
21 11
38 20
38 14
11 13
28 20
11 19
39 7
14 10
19 15
43 12
30 3
48 20
9 5
39 2
31 4
17 16
25 19
3 4
27 4
10 9
19 10
8 18
9 6
19 16
35 11
15 13
48 4
29 6
10 6
33 4
29 13
32 8
26 15
30 9
50 2
23 10
34 15
2 18
28 10
6 9
32 9
44 11
29 12
16 19
43 2
50 10
36 6
3 18
17 2
18 3
9 3
34 13
2 14
33 2
23 10
32 5
20 7
8 6
38 9
34 20
5 5
3 9
11 12
23 8
26 2
22 16
48 14
22 5
32 5
12 6
48 2
45 2
33 4
42 11
16 7
33 8
34 1
34 9
39 4
48 3
22 20
5 16
6 8
33 20
22 3
4 7
25 15
21 9
8 5
38 15
27 20
9 20
41 16
3 14
46 1
6 5
17 15
15 7
7 13
21 1
15 6
32 7
5 13
50 4
3 7
41 12
27 11
34 9
25 15
10 4
5 16
48 16
12 2
41 20
9 14
16 20
13 13
47 7
13 14
6 3
24 2
20 6
29 5
50 8
39 14
50 11
14 16
25 12
33 13
19 3
13 16
18 8
11 14
49 14
23 8
17 11
15 12
6 1
29 17
4 15
18 18
7 9
26 2
1 2
13 2
10 4
32 7
18 15
19 20
48 14
40 18
6 14
28 6
