50
0 0 48.1676 27.6284
0 27.6284 47.4491 23.0915
0 50.7199 46.4591 16.9904
0 67.7103 46.112 22.4208
0 90.1311 46.1007 13.8408
0 103.972 45.7743 26.5794
0 130.551 45.6016 22.6634
0 153.215 45.361 31.1914
0 184.406 45.166 37.7953
0 222.201 45.1067 28.6554
0 250.857 44.7197 19.7459
0 270.603 43.6287 27.351
0 297.954 43.4551 17.5264
0 315.48 42.3413 38.6326
0 354.113 42.3139 23.7637
0 377.876 41.8531 28.4232
0 406.3 41.6318 19.4064
0 425.706 41.5638 20.8217
0 446.528 41.4608 21.2791
0 467.807 41.4448 29.0061
0 496.813 40.5472 19.5179
0 516.331 40.5128 23.0476
0 539.378 40.2631 32.8594
0 572.238 40.1449 24.1015
0 596.339 40.0692 32.0366
0 628.376 40.0333 23.9684
0 652.344 40.0129 31.3558
0 683.7 39.9855 32.968
0 716.668 39.9381 33.1871
0 749.855 39.8634 17.462
0 767.317 39.7602 23.8138
0 791.131 39.5932 29.9996
0 821.131 39.3118 18.3633
0 839.494 39.1478 27.4014
0 866.895 39.1041 26.9922
0 893.888 39.0208 40.6408
0 934.528 38.9884 23.681
0 958.209 38.8658 30.6937
0 988.903 38.7349 9.41475
0 998.318 38.6804 24.8309
0 1023.15 38.6526 39.1358
0 1062.28 38.4989 14.6311
0 1076.92 38.3376 18.1793
0 1095.09 38.3041 22.5394
0 1117.63 38.2447 25.4832
0 1143.12 38.2247 14.6463
0 1157.76 38.1718 20.9731
0 1178.74 37.878 15.2581
0 1193.99 37.8754 30.0561
0 1224.05 37.792 43.7398
0 1267.79 37.7315 6.49596
0 1274.29 37.5781 32.9617
0 1307.25 37.5212 29.6849
0 1336.93 37.3593 23.3388
0 1360.27 37.2973 20.7095
0 1380.98 37.2664 18.6505
0 1399.63 37.2485 20.1716
0 1419.8 37.2332 29.3546
0 1449.16 37.1717 7.49779
0 1456.66 37.1622 28.2522
0 1484.91 37.1618 34.4345
0 1519.34 37.1574 33.7135
0 1553.06 36.9679 20.5993
0 1573.66 36.9456 23.0858
0 1596.74 36.9045 15.0702
0 1611.81 36.8848 12.938
0 1624.75 36.8728 36.5562
0 1661.31 36.8472 28.8378
0 1690.14 36.8436 29.8802
0 1720.02 36.7798 34.687
0 1754.71 36.671 24.131
0 1778.84 36.6695 27.141
0 1805.98 36.5533 19.8802
0 1825.86 36.5411 21.4198
0 1847.28 36.4074 13.8011
0 1861.08 36.3804 27.8407
0 1888.92 36.3472 31.5798
0 1920.5 36.3318 22.7811
0 1943.29 36.3181 23.2348
0 1966.52 36.098 36.7871
0 2003.31 36.0503 37.1591
0 2040.47 36.0051 33.7471
0 2074.21 35.8197 12.3445
0 2086.56 35.8042 14.383
0 2100.94 35.7854 36.1693
0 2137.11 35.7838 25.4586
0 2162.57 35.7665 31.3591
0 2193.93 35.741 23.2894
0 2217.22 35.7279 21.0462
0 2238.26 35.7214 20.1355
0 2258.4 35.6144 35.5002
0 2293.9 35.6072 19.2005
0 2313.1 35.5823 33.0213
0 2346.12 35.561 35.0081
0 2381.13 35.5511 34.9545
0 2416.08 35.5252 26.3309
0 2442.41 35.515 31.5249
0 2473.94 35.4884 21.336
0 2495.28 35.447 27.0073
0 2522.28 35.3779 27.0507
0 2549.33 35.3681 40.5359
0 2589.87 35.3582 29.0252
0 2618.89 35.3241 23.2348
0 2642.13 35.3174 25.1475
0 2667.28 35.2763 17.6496
0 2684.93 35.2619 30.3058
0 2715.23 35.2569 30.351
0 2745.58 35.2377 50.4084
0 2795.99 35.2237 11.6059
0 2807.6 35.2196 27.2092
0 2834.81 35.1873 29.3639
0 2864.17 35.1853 26.9665
0 2891.14 35.1507 33.0974
0 2924.23 35.1446 20.0799
0 2944.31 35.0829 19.5978
0 2963.91 34.994 22.5405
0 2986.45 34.9838 21.4941
0 3007.95 34.9785 17.6478
0 3025.59 34.9325 18.755
0 3044.35 34.9266 22.53
0 3066.88 34.8873 18.2906
0 3085.17 34.8613 26.4816
0 3111.65 34.8486 20.5115
0 3132.16 34.8436 38.5658
0 3170.73 34.7748 23.857
0 3194.59 34.7091 16.9754
0 3211.56 34.704 31.1714
0 3242.73 34.6212 20.2994
0 3263.03 34.5702 27.5028
0 3290.54 34.548 32.8977
0 3323.43 34.4177 0.1
0 3323.53 34.3784 15.2931
0 3338.83 34.3655 21.9335
0 3360.76 34.3367 21.5411
0 3382.3 34.2591 19.6523
0 3401.95 34.2539 31.0356
0 3432.99 34.2141 21.193
0 3454.18 34.1695 24.7145
0 3478.9 34.1557 26.1609
0 3505.06 34.1383 11.3078
0 3516.36 34.0089 47.7523
0 3564.12 33.9966 27.03
0 3591.15 33.971 39.8212
0 3630.97 33.9632 14.2678
0 3645.24 33.9597 18.3888
0 3663.62 33.9586 0.1
0 3663.72 33.8991 21.6498
0 3685.37 33.8538 25.0275
0 3710.4 33.8166 38.1617
0 3748.56 33.8074 29.468
0 3778.03 33.7708 36.0738
0 3814.11 33.7614 26.632
0 3840.74 33.746 35.1367
0 3875.87 33.6747 11.5689
0 3887.44 33.5999 20.6309
0 3908.07 33.5958 27.3003
0 3935.37 33.5619 21.8322
0 3957.21 33.5262 18.2501
0 3975.46 33.5149 22.7306
0 3998.19 33.4939 13.1257
0 4011.31 33.4501 26.1908
0 4037.5 33.4113 30.6205
0 4068.12 33.4048 21.5965
0 4089.72 33.3369 22.7482
0 4112.47 33.3119 27.0147
0 4139.48 33.2985 33.4019
0 4172.89 33.2592 23.6127
0 4196.5 33.2312 10.8731
0 4207.37 33.1856 27.8049
0 4235.18 33.0406 18.1125
0 4253.29 33.0125 30.9119
0 4284.2 32.9783 15.5671
0 4299.77 32.9503 17.0782
0 4316.85 32.9497 24.1735
0 4341.02 32.931 20.227
0 4361.25 32.9193 27.7122
0 4388.96 32.8166 19.0026
0 4407.96 32.7878 29.1959
0 4437.16 32.751 36.5919
0 4473.75 32.7312 30.2786
0 4504.03 32.68 25.4356
0 4529.46 32.6227 21.6002
0 4551.06 32.6155 20.7227
0 4571.79 32.5888 25.4496
0 4597.24 32.5879 29.1432
0 4626.38 32.5693 20.3489
0 4646.73 32.5183 42.348
0 4689.08 32.4488 29.717
0 4718.79 32.4409 41.6375
0 4760.43 32.4098 28.762
0 4789.19 32.3708 38.4099
0 4827.6 32.3418 19.5017
0 4847.1 32.3364 32.6817
0 4879.79 32.3045 33.0646
0 4912.85 32.2611 20.388
0 4933.24 32.2598 28.8336
0 4962.07 32.2469 15.8824
0 4977.95 32.2327 18.7875
0 4996.74 32.2104 28.7173
0 5025.46 32.2071 29.3
0 5054.76 32.1899 24.4547
0 5079.21 32.1637 17.128
0 5096.34 32.1538 22.2455
0 5118.59 32.0266 27.9711
0 5146.56 32.0101 19.4879
0 5166.05 31.9877 23.9905
0 5190.04 31.9413 10.7266
0 5200.76 31.9378 24.5156
0 5225.28 31.8536 24.428
0 5249.71 31.8002 22.9295
0 5272.64 31.7626 23.9263
0 5296.56 31.6979 14.4599
0 5311.02 31.6807 20.9923
0 5332.02 31.6667 34.7539
0 5366.77 31.6421 32.4407
0 5399.21 31.6226 13.6822
0 5412.89 31.5916 16.6251
0 5429.52 31.5848 29.9618
0 5459.48 31.5568 34.8927
0 5494.37 31.5207 27.1692
0 5521.54 31.4854 21.2817
0 5542.82 31.4619 18.932
0 5561.75 31.4611 24.5726
0 5586.33 31.4131 30.7343
0 5617.06 31.4075 42.7527
0 5659.81 31.4036 19.2774
0 5679.09 31.3806 21.3138
0 5700.41 31.364 22.5322
0 5722.94 31.3626 27.7065
0 5750.64 31.3286 25.8866
0 5776.53 31.3159 21.4544
0 5797.98 31.2947 5.46855
0 5803.45 31.281 20.3133
0 5823.77 31.1986 39.1788
0 5862.95 31.1962 28.8475
0 5891.79 31.1652 25.8902
0 5917.68 31.1019 33.0091
0 5950.69 31.0707 19.3481
0 5970.04 31.0345 26.5109
0 5996.55 31.0239 17.7567
0 6014.31 31.0157 30.0858
0 6044.39 30.8758 32.0342
0 6076.43 30.8715 13.7469
0 6090.18 30.8663 21.4312
0 6111.61 30.8345 36.0327
0 6147.64 30.8321 25.3832
0 6173.02 30.8098 26.1005
0 6199.12 30.7822 14.0116
0 6213.13 30.7737 20.1769
0 6233.31 30.7399 24.1238
0 6257.43 30.6744 28.0383
0 6285.47 30.6498 25.407
0 6310.88 30.6233 44.4895
0 6355.37 30.6143 32.6194
0 6387.99 30.6065 37.3018
0 6425.29 30.597 15.5063
0 6440.8 30.5945 37.6867
0 6478.48 30.5762 19.1846
0 6497.67 30.5382 27.1499
0 6524.82 30.5148 33.8657
0 6558.68 30.5116 18.3647
0 6577.05 30.4793 31.1568
0 6608.21 30.44 19.0355
0 6627.24 30.3963 9.31168
0 6636.55 30.3818 30.9665
0 6667.52 30.378 19.1786
0 6686.7 30.3587 12.3667
0 6699.06 30.3374 20.041
0 6719.11 30.3017 13.488
0 6732.59 30.279 21.2234
0 6753.82 30.2731 12.7787
0 6766.6 30.2648 29.0876
0 6795.68 30.2086 38.1155
0 6833.8 30.1892 19.7701
0 6853.57 30.1482 14.838
0 6868.41 30.1479 24.0523
0 6892.46 30.0628 36.0852
0 6928.54 30.059 40.9015
0 6969.45 30.0101 14.8374
0 6984.28 29.9679 37.9282
0 7022.21 29.9647 36.2132
0 7058.42 29.9511 29.6194
0 7088.04 29.9468 32.7669
0 7120.81 29.9224 28.2347
0 7149.05 29.9035 22.9922
0 7172.04 29.8966 16.6732
0 7188.71 29.8882 23.7871
0 7212.5 29.8597 25.5556
0 7238.05 29.8589 20.9866
0 7259.04 29.847 27.0973
0 7286.14 29.8464 26.1564
0 7312.29 29.8234 23.2883
0 7335.58 29.8015 16.9576
0 7352.54 29.7565 22.0419
0 7374.58 29.712 21.1728
0 7395.75 29.703 15.6107
0 7411.37 29.644 32.6076
0 7443.97 29.6421 30.9639
0 7474.94 29.597 31.6458
0 7506.58 29.5801 26.442
0 7533.02 29.5453 33.4799
0 7566.5 29.5259 20.329
0 7586.83 29.5245 29.7473
0 7616.58 29.4905 12.1045
0 7628.69 29.4788 45.2897
0 7673.98 29.4461 27.7249
0 7701.7 29.4176 17.2743
0 7718.97 29.4081 31.2775
0 7750.25 29.3796 22.6511
0 7772.9 29.3312 18.3402
0 7791.24 29.316 20.6187
0 7811.86 29.2894 25.1049
0 7836.97 29.2651 27.8459
0 7864.81 29.2521 24.7362
0 7889.55 29.2469 23.9127
0 7913.46 29.2451 20.1673
0 7933.63 29.2123 16.6244
0 7950.25 29.2072 18.7781
0 7969.03 29.206 36.8484
0 8005.88 29.187 19.6619
0 8025.54 29.167 20.626
0 8046.17 29.0978 29.9276
0 8076.1 29.093 15.2958
0 8091.39 29.0883 10.811
0 8102.2 29.0805 29.4318
0 8131.63 29.0094 24.973
0 8156.61 28.9274 23.9615
0 8180.57 28.9245 38.7967
0 8219.37 28.9002 33.9159
0 8253.28 28.8704 29.0007
0 8282.28 28.8507 28.7301
0 8311.01 28.834 32.6087
0 8343.62 28.8279 26.257
0 8369.88 28.8154 23.1127
0 8392.99 28.7562 29.232
0 8422.22 28.7402 30.228
0 8452.45 28.6886 26.2769
0 8478.73 28.5766 39.8656
0 8518.59 28.5619 30.4499
0 8549.04 28.5354 33.9048
0 8582.95 28.5218 16.6961
0 8599.64 28.44 11.8649
0 8611.51 28.4059 7.49196
0 8619 28.3978 23.7853
0 8642.79 28.3853 10.4305
0 8653.22 28.3771 33.3772
0 8686.59 28.3667 31.9969
0 8718.59 28.3515 20.7079
0 8739.3 28.3005 15.1421
0 8754.44 28.2999 41.8013
0 8796.24 28.2827 28.2962
0 8824.54 28.266 28.6551
0 8853.19 28.2658 42.2277
0 8895.42 28.2508 29.0931
0 8924.51 28.2184 14.3296
0 8938.84 28.2169 24.4745
0 8963.32 28.198 29.339
0 8992.66 28.1921 16.1384
0 9008.8 28.1837 31.6935
0 9040.49 28.1608 25.9331
0 9066.42 28.1247 32.1622
0 9098.58 28.1039 11.3117
0 9109.9 28.0711 39.4675
0 9149.36 27.9805 22.4103
0 9171.77 27.9561 39.0387
0 9210.81 27.9105 17.4865
0 9228.3 27.8451 28.8412
0 9257.14 27.8343 31.2142
0 9288.35 27.807 0.1
0 9288.45 27.8042 12.4487
0 9300.9 27.7741 40.4279
0 9341.33 27.7723 26.3549
0 9367.69 27.7679 39.761
0 9407.45 27.7435 28.9287
0 9436.38 27.7377 12.5894
0 9448.96 27.706 22.1878
0 9471.15 27.7026 34.3963
0 9505.55 27.6638 23.1205
0 9528.67 27.641 33.5012
0 9562.17 27.6105 25.8966
0 9588.07 27.6001 21.9081
0 9609.98 27.5957 26.6691
0 9636.64 27.5771 13.7343
0 9650.38 27.577 22.831
0 9673.21 27.5092 22.7858
0 9696 27.5088 24.5062
0 9720.5 27.4642 22.5449
0 9743.05 27.4638 39.3908
0 9782.44 27.429 25.1782
0 9807.62 27.3722 28.7063
0 9836.32 27.3562 28.1021
0 9864.42 27.3556 18.3023
0 9882.73 27.3144 18.9547
0 9901.68 27.3024 24.3928
0 9926.07 27.2942 14.0327
0 9940.11 27.2905 37.0664
0 9977.17 27.2497 17.8161
0 9994.99 27.2213 26.4757
0 10021.5 27.2187 23.388
0 10044.9 27.1898 20.9028
0 10065.8 27.1571 37.7634
0 10103.5 27.1561 30.8497
0 10134.4 27.1516 8.35988
0 10142.7 27.1426 19.6814
0 10162.4 27.0979 30.3337
0 10192.7 27.0471 23.9553
0 10216.7 27.0383 26.5671
0 10243.3 27.0293 28.5993
0 10271.9 27.0227 16.7952
0 10288.7 27.0107 16.5077
0 10305.2 26.9936 14.8245
0 10320 26.9855 32.2859
0 10352.3 26.9608 30.9307
0 10383.2 26.9368 27.6697
0 10410.9 26.9053 34.1549
0 10445 26.8942 10.2761
0 10455.3 26.8382 37.3444
0 10492.7 26.8375 24.404
0 10517.1 26.824 20.3971
0 10537.5 26.8127 35.609
0 10573.1 26.7832 17.9015
0 10591 26.7231 20.0896
0 10611.1 26.7155 22.5066
0 10633.6 26.6581 29.0593
0 10662.6 26.6075 33.2048
0 10695.8 26.5848 41.842
0 10737.7 26.5662 26.9617
0 10764.6 26.5468 27.4
0 10792 26.4673 24.8373
0 10816.9 26.46 22.1385
0 10839 26.4558 22.6363
0 10861.6 26.4345 35.404
0 10897 26.3926 12.5473
0 10909.6 26.2931 25.5802
0 10935.2 26.2923 18.786
0 10954 26.2859 26.9533
0 10980.9 26.2453 25.119
0 11006 26.2021 27.5272
0 11033.6 26.1862 35.9421
0 11069.5 26.1709 18.9941
0 11088.5 26.1248 27.4137
0 11115.9 26.0803 14.7027
0 11130.6 26.0399 33.2366
0 11163.8 26.0384 26.9691
0 11190.8 26.0144 25.1478
0 11216 25.9885 29.7022
0 11245.7 25.9824 26.2545
0 11271.9 25.9725 16.7398
0 11288.7 25.9716 27.3962
0 11316.1 25.9395 31.8972
0 11348 25.88 31.1084
0 11379.1 25.8795 26.8518
0 11405.9 25.8744 31.0845
0 11437 25.864 27.8735
0 11464.9 25.8613 17.6628
0 11482.5 25.8537 16.8627
0 11499.4 25.8418 27.3076
0 11526.7 25.8275 22.8342
0 11549.5 25.789 27.5534
0 11577.1 25.7391 39.5801
0 11616.7 25.7378 20.2822
0 11637 25.7295 21.466
0 11658.4 25.6954 26.6719
0 11685.1 25.6734 26.3375
0 11711.4 25.6428 38.4265
0 11749.9 25.6251 33.2082
0 11783.1 25.6138 47.2015
0 11830.3 25.6053 19.6181
0 11849.9 25.5992 27.321
0 11877.2 25.5979 31.8817
0 11909.1 25.5915 35.4345
0 11944.5 25.5293 23.0357
0 11967.6 25.5267 29.8559
0 11997.4 25.5068 21.816
0 12019.2 25.4928 9.83596
0 12029.1 25.4157 26.6386
0 12055.7 25.3255 20.2337
0 12075.9 25.2962 25.8472
0 12101.8 25.2951 16.0794
0 12117.9 25.2894 45.1462
0 12163 25.2836 17.2103
0 12180.2 25.2637 24.2891
0 12204.5 25.2135 12.0514
0 12216.6 25.21 19.0724
0 12235.6 25.2051 28.4951
0 12264.1 25.1864 29.0306
0 12293.2 25.1585 33.0614
0 12326.2 25.1555 30.3049
0 12356.5 25.1463 28.9445
0 12385.5 25.1245 28.5285
0 12414 25.1097 9.94316
0 12423.9 25.0952 29.8533
0 12453.8 25.0631 34.1074
0 12487.9 25.0082 19.8469
0 12507.8 25.0045 31.7962
48.1676 0 0.1 36.5137
46.4591 50.7199 2.60547 27.6356
43.6287 270.603 5.36689 34.8849
43.6287 305.488 5.88708 31.6157
42.3139 354.113 6.54995 30.2178
42.3139 384.331 6.83677 31.1144
42.3139 415.445 6.08861 27.4392
42.3139 442.884 5.70839 25.2628
42.3139 468.147 6.35677 27.5419
40.0692 596.339 9.86485 40.4976
40.0692 636.837 8.79859 34.6442
40.0692 671.481 9.27948 34.3027
38.4989 1062.28 11.4326 41.9867
37.7315 1267.79 12.2365 44.4724
37.7315 1312.26 8.99977 32.3702
37.7315 1344.63 7.97003 28.1437
37.7315 1372.78 9.11153 30.8613
37.7315 1403.64 9.74834 32.6785
37.7315 1436.32 10.964 35.5046
37.7315 1471.82 9.9615 31.8448
37.7315 1503.67 8.89514 28.103
37.7315 1531.77 11.4451 35.3093
35.2377 2745.58 14.7605 45.5343
35.2377 2791.12 12.0531 36.5968
35.2377 2827.71 11.7112 35.3314
35.2377 2863.05 12.2647 36.9681
35.2377 2900.01 9.69754 28.799
35.2377 2928.81 12.9737 37.9471
35.2377 2966.76 12.249 35.7404
35.2377 3002.5 9.67129 28.2137
35.2377 3030.71 8.19714 23.3938
35.2377 3054.11 10.2495 29.108
35.2377 3083.22 9.95661 28.0721
35.2377 3111.29 11.914 33.2863
35.2377 3144.57 7.37987 20.3188
34.7748 3170.73 14.9906 41.0159
34.7748 3211.75 11.4798 31.2179
34.7748 3242.96 13.2682 35.6114
34.548 3290.54 15.4086 40.9279
34.548 3331.46 12.8928 34.2264
34.2141 3432.99 15.7471 41.6829
34.2141 3474.67 8.07783 20.4922
34.2141 3495.16 12.3421 31.081
34.2141 3526.24 12.4346 31.1639
34.2141 3557.41 12.7631 31.7156
34.2141 3589.12 8.51816 21.0123
33.9632 3630.97 15.8657 39.1324
33.9632 3670.1 10.1661 25.0545
32.8166 4388.96 17.1185 41.7377
32.2327 4977.95 17.7607 43.0787
32.2327 5021.03 15.2397 36.896
32.2327 5057.93 17.3419 41.1863
29.644 7411.37 20.3224 47.7412
29.2651 7836.97 20.7205 48.6247
29.2651 7885.59 13.9717 32.7705
29.2651 7918.36 17.696 40.8153
29.2651 7959.18 17.3598 40.0377
29.2651 7999.21 16.5134 37.9454
29.2651 8037.16 18.8439 42.6526
29.2651 8079.81 15.5357 35.1509
29.2651 8114.96 13.5579 30.5533
29.2651 8145.52 13.3774 30.0585
29.2651 8175.58 16.6438 37.2546
29.2651 8212.83 17.0842 38.2372
29.2651 8251.07 16.6605 37.0549
29.2651 8288.12 18.5309 41.1065
29.2651 8329.23 19.2966 42.632
29.2651 8371.86 14.1761 31.078
29.2651 8402.94 16.3619 35.6959
29.2651 8438.63 13.2443 28.7091
29.2651 8467.34 7.73661 16.6776
29.2651 8484.02 13.1939 28.3384
29.2651 8512.36 20.421 43.5539
29.2651 8555.91 13.0233 27.7084
29.2651 8583.62 17.2232 36.5032
29.2651 8620.13 17.3967 36.7721
29.2651 8656.9 12.8867 26.9868
29.2651 8683.88 16.4085 34.33
29.2651 8718.21 19.2991 40.2691
29.2651 8758.48 19.4881 40.5232
29.2651 8799.01 18.2914 37.6501
29.2651 8836.66 15.2482 31.346
29.2651 8868 10.4212 21.231
29.2651 8889.23 14.7908 30.1125
29.2651 8919.35 17.8558 36.2296
29.2651 8955.58 14.8768 29.9809
29.2651 8985.56 19.3302 38.8734
29.2651 9024.43 7.0989 14.2166
36.364 9024.43 13.0452 25.9228
28.1247 9066.42 21.1352 41.8834
28.1247 9108.31 20.2605 39.9264
27.0471 10192.7 22.9408 44.9301
27.0471 10237.7 16.1239 31.3527
27.0471 10269 11.5553 22.403
27.0471 10291.4 16.9388 32.8339
27.0471 10324.3 16.0374 30.9818
27.0471 10355.2 20.53 39.4924
27.0471 10394.7 21.4295 41.0907
27.0471 10435.8 15.0675 28.8869
27.0471 10464.7 16.8151 32.0979
27.0471 10496.8 14.2607 27.1256
27.0471 10523.9 16.8197 31.8026
27.0471 10555.7 12.7329 24.0426
27.0471 10579.8 17.7795 33.5646
27.0471 10613.3 15.6997 29.5711
27.0471 10642.9 15.6406 29.334
27.0471 10672.3 14.6415 27.2811
27.0471 10699.5 17.1376 31.8533
27.0471 10731.4 11.2583 20.9024
27.0471 10752.3 21.1861 39.2865
27.0471 10791.6 22.3483 41.198
27.0471 10832.8 19.7593 36.2992
27.0471 10869.1 10.9121 19.9419
27.0471 10889 12.3556 22.5309
27.0471 10911.5 20.5474 37.3298
27.0471 10948.9 15.3074 27.6251
27.0471 10976.5 22.2946 40.1425
27.0471 11016.6 17.4281 31.3271
27.0471 11048 17.9698 32.2492
27.0471 11080.2 18.001 32.2362
27.0471 11112.5 15.2071 27.2015
27.0471 11139.7 14.5856 26.014
27.0471 11165.7 17.4319 31.0898
27.0471 11196.8 21.6401 38.5477
27.0471 11235.3 22.182 39.4259
27.0471 11274.7 19.5928 34.7815
27.0471 11309.5 20.7042 36.72
27.0471 11346.2 15.214 26.7641
27.0471 11373 15.855 27.7876
27.0471 11400.8 13.9008 24.3552
27.0471 11425.1 17.555 30.7028
27.0471 11455.8 15.1718 26.5215
25.8537 11482.5 23.351 40.411
25.8537 11522.9 23.2931 40.2426
25.8537 11563.2 17.9184 30.9
25.8537 11594.1 16.2747 27.7031
25.8537 11621.8 23.6445 40.216
25.8537 11662 23.8881 40.4172
25.8537 11702.4 22.5734 38.1816
25.8537 11740.6 14.5466 24.5769
25.8537 11765.2 16.1525 27.264
25.3255 12055.7 24.6196 41.3186
25.3255 12097 19.7899 33.1743
25.3255 12130.2 24.1156 40.2002
25.3255 12170.4 16.5422 27.523
25.3255 12197.9 22.3361 37.0986
25.3255 12235 17.0824 28.0615
25.3255 12263.1 16.9474 27.8315
25.1585 12293.2 24.6795 40.4191
25.1585 12333.6 11.5099 18.8427
25.1585 12352.4 18.8772 30.8799
25.1585 12383.3 18.9668 30.8589
25.1585 12414.2 14.9254 24.2445
25.1585 12438.4 22.6642 36.7681
25.1585 12475.2 20.8063 33.7245
25.1585 12508.9 15.376 24.9066
25.1585 12533.8 21.2996 34.4924
0 12539.5 24.1287 39.0206
25.1585 12568.3 17.7837 28.6894
0 12578.6 15.0924 24.1628
25.1585 12597 22.0252 35.2596
0 12602.7 22.9457 36.6262
25.1585 12632.2 17.7317 28.2298
0 12639.4 18.0314 28.611
25.1585 12660.5 15.0965 23.9265
0 12668 21.9852 34.8112
25.1585 12684.4 19.7733 31.2945
0 12702.8 24.9056 39.3923
25.1585 12715.7 17.133 27.0057
0 12742.2 18.6779 29.2642
25.1585 12742.7 20.3797 31.6351
0 12771.4 16.8925 26.217
25.1585 12774.3 15.2758 23.7042
0 12797.7 16.3779 25.3888
25.1585 12798 22.5584 34.8813
0 12823 18.8529 29.047
0 12852.1 24.9874 38.481
25.1585 12832.9 18.2474 27.9947
25.1585 12860.9 18.9431 28.9113
25.1585 12889.8 23.238 35.3013
0 12890.6 20.9384 31.7864
0 12922.4 15.7694 23.9257
25.1585 12925.1 21.8684 32.9977
0 12946.3 14.7953 22.2597
25.1585 12958.1 21.586 32.3328
0 12968.5 23.0119 34.4494
25.1585 12990.5 17.5852 26.2523
0 13003 20.5191 30.6279
25.1585 13016.7 23.853 35.5747
0 13033.6 15.06 22.4572
25.1585 13052.3 17.2836 25.7548
0 13056.1 24.8708 36.9589
25.1585 13078 19.0825 28.2494
0 13093 22.3594 33.0531
25.1585 13106.3 12.5247 18.4768
25.1585 13124.8 18.413 27.1341
0 13126.1 17.4035 25.6145
0 13151.7 16.2371 23.6906
25.1585 13151.9 19.3834 28.2065
0 13175.4 22.9665 33.3724
25.1585 13180.1 18.029 26.0704
25.1585 13206.2 18.0764 26.122
0 13208.8 15.5069 22.3814
0 13231.1 22.8543 32.9796
25.1585 13232.3 18.6482 26.9091
25.1585 13259.2 19.9451 28.6781
0 13264.1 21.3554 30.6636
25.1585 13287.9 24.2757 34.7527
0 13294.8 22.8427 32.4998
25.1585 13322.6 24.2427 34.3437
0 13327.3 19.3407 27.3913
0 13354.7 20.0429 28.3559
25.1585 13357 19.5359 27.6154
0 13383 20.093 28.3941
25.1585 13384.6 18.5942 26.2649
0 13411.4 24.9417 35.0574
25.1585 13410.9 19.13 26.878
25.1585 13437.7 21.4733 30.1261
0 13446.5 13.0522 18.2481
0 13464.7 21.6784 30.2663
25.1585 13467.9 23.4239 32.5978
0 13495 21.7083 30.1533
25.1585 13500.5 11.5053 15.9758
25.1585 13516.4 23.7051 32.8279
0 13525.2 23.3526 32.2928
25.1585 13549.3 17.1938 23.5742
0 13557.4 17.2598 23.6599
25.1585 13572.8 22.8167 31.1082
0 13581.1 22.2072 30.2427
25.1585 13604 20.0932 27.3283
0 13611.4 18.9322 25.6995
25.1585 13631.3 18.2265 24.739
0 13637.1 24.5826 33.2778
25.1585 13656 23.4396 31.6788
0 13670.3 19.6859 26.5017
25.1585 13687.7 16.3074 21.9036
0 13696.8 19.6052 26.3167
25.1585 13709.6 21.1031 28.2961
0 13723.1 22.4356 30.058
25.1585 13737.9 20.7897 27.7681
0 13753.2 22.3844 29.838
25.1585 13765.7 21.1554 28.0976
0 13783 10.9444 14.5174
25.1585 13793.8 24.1282 31.9585
0 13797.6 24.392 32.2547
25.1585 13825.7 23.6798 31.2746
0 13829.8 19.9386 26.3238
0 13856.1 20.6527 27.1574
25.1585 13857 18.842 24.6644
25.1585 13881.7 18.8206 24.586
0 13883.3 15.4613 20.1126
0 13903.4 20.1887 26.1684
25.1585 13906.2 17.0718 22.1114
25.1585 13928.4 18.0353 23.2909
0 13929.6 23.2632 29.975
25.1585 13951.7 15.407 19.8295
0 13959.6 18.5895 23.9035
25.1585 13971.5 20.027 25.6015
0 13983.5 23.891 30.5155
25.1585 13997.1 21.9632 27.9715
0 14014 24.8851 31.6512
25.1585 14025.1 12.6105 16.0383
25.1585 14041.1 21.521 27.367
0 14045.6 16.0993 20.415
0 14066 21.2269 26.8781
25.1585 14068.5 16.7646 21.1988
25.1585 14089.7 18.2434 23.0072
0 14092.9 23.7733 29.8631
25.1585 14112.7 23.9031 29.9561
0 14122.8 20.8289 26.1019
25.1585 14142.6 11.3232 14.1808
0 14148.9 20.8628 26.1006
25.1585 14156.8 22.3496 27.9299
0 14175 24.2959 30.3568
25.1585 14184.7 23.3671 29.1332
0 14205.3 24.8165 30.9027
25.1585 14213.9 17.1306 21.312
25.1585 14235.2 15.5809 19.3623
0 14236.2 23.4093 28.9681
25.1585 14254.5 20.0097 24.6967
0 14265.2 17.9432 22.1387
25.1585 14279.2 24.6549 30.3195
0 14287.3 22.2794 27.2869
25.1585 14309.6 20.4656 25.0445
0 14314.6 23.2808 28.4168
25.1585 14334.6 14.273 17.3905
0 14343.1 24.0401 29.1809
25.1585 14352 24.7732 30.0354
0 14372.2 20.5123 24.8185
25.1585 14382 22.2857 26.885
0 14397.1 23.3842 28.1951
25.1585 14408.9 19.5364 23.5514
0 14425.2 8.23267 9.92411
25.1585 14432.5 23.2111 27.9799
0 14435.2 22.5108 26.9953
25.1585 14460.4 22.021 26.3508
0 14462.2 20.6766 24.7206
25.1585 14486.8 23.1276 27.5473
0 14486.9 24.5954 29.295
25.1585 14514.3 23.112 27.5186
0 14516.2 22.1744 26.3655
25.1585 14541.9 17.5379 20.8425
0 14542.5 18.3515 21.6721
25.1585 14562.7 24.2806 28.6568
0 14564.2 21.5338 25.25
0 14589.5 22.5407 26.3564
25.1585 14591.4 19.7188 23.021
25.1585 14614.4 18.1331 21.1303
0 14615.8 20.6687 24.0647
25.1585 14635.5 15.5961 18.1495
0 14639.9 22.616 26.2636
25.1585 14653.7 23.6024 27.3632
0 14666.2 19.2081 22.219
25.1585 14681 20.6528 23.8643
0 14688.4 16.7627 19.3363
25.1585 14704.9 17.1911 19.8086
0 14707.7 21.585 24.7904
25.1585 14724.7 21.8519 25.0766
0 14732.5 22.3436 25.6399
25.1585 14749.8 19.9481 22.7872
0 14758.1 21.8173 24.915
25.1585 14772.6 20.7714 23.7189
0 14783.1 24.9572 28.3261
25.1585 14796.3 20.8443 23.655
0 14811.4 15.0104 16.9812
25.1585 14819.9 17.1905 19.3571
0 14828.4 19.7222 22.1929
25.1585 14839.3 22.6511 25.4242
0 14850.6 10.4821 11.7252
0 14862.3 20.0072 22.3187
25.1585 14864.7 14.3662 15.9136
25.1585 14880.6 20.1144 22.1552
0 14884.6 21.341 23.4393
25.1585 14902.8 20.8751 22.9215
0 14908 22.7797 24.9394
25.1585 14925.7 19.2832 20.9333
0 14933 23.3419 25.3242
25.1585 14946.6 20.7606 22.4624
0 14958.3 17.5685 18.9863
25.1585 14969.1 23.7179 25.6212
0 14977.3 17.7732 19.1831
25.1585 14994.7 14.782 15.9386
0 14996.5 19.2172 20.7116
25.1585 15010.7 21.6155 23.1712
0 15017.2 20.3425 21.7643
25.1585 15033.8 15.6341 16.7172
0 15038.9 24.848 26.5574
25.1585 15050.5 21.9194 23.3701
0 15065.5 24.4967 26.0983
25.1585 15073.9 19.3512 20.5521
0 15091.6 21.5679 22.8577
25.1585 15094.5 21.6238 22.8186
0 15114.5 16.3422 17.1451
25.1585 15117.3 18.1905 19.0448
0 15131.6 23.1424 24.2026
25.1585 15136.3 16.6093 17.2646
25.1585 15153.6 23.2624 24.1518
0 15155.8 23.4373 24.2416
25.1585 15177.8 18.1073 18.6677
0 15180 24.8885 25.5046
25.1585 15196.4 17.9885 18.3805
0 15205.6 23.4208 23.8468
25.1585 15214.8 19.058 19.2506
0 15229.4 23.6291 23.7409
25.1585 15234 19.9845 20.0388
0 15253.1 24.1097 24.1549
25.1585 15254.1 22.3016 22.2033
25.1585 15276.3 20.315 20.1637
0 15277.3 23.2947 22.9968
25.1585 15296.5 23.3631 23.0641
0 15300.3 13.8907 13.6867
0 15314 19.3414 19.0023
25.1585 15319.5 13.5889 13.2604
25.1585 15332.8 24.3754 23.682
0 15333 18.6082 18.0383
0 15351 21.2341 20.5472
25.1585 15356.5 23.1762 22.3856
0 15371.6 19.4105 18.6718
25.1585 15378.8 18.5684 17.8332
0 15390.2 24.3843 23.3008
25.1585 15396.7 22.8168 21.7771
0 15413.5 23.1116 21.9417
25.1585 15418.5 11.4606 10.8617
25.1585 15429.3 20.1804 19.1221
0 15435.5 22.3839 21.0032
25.1585 15448.4 17.0821 16.0257
0 15456.5 24.3649 22.7637
25.1585 15464.5 23.3021 21.743
0 15479.2 19.2401 17.8713
25.1585 15486.2 23.027 21.1537
0 15497.1 15.2433 13.9379
25.1585 15507.4 24.5244 22.368
0 15511.1 20.4612 18.5845
0 15529.6 19.8822 18.0291
25.1585 15529.7 17.1683 15.4601
0 15547.7 24.8725 22.3534
25.1585 15545.2 23.6621 21.1503
0 15570 24.915 22.2535
25.1585 15566.3 21.6904 19.3607
25.1585 15585.7 21.8016 19.4417
0 15592.3 21.6484 19.2896
25.1585 15605.1 23.2512 20.6195
0 15611.6 18.8153 16.6689
25.1585 15625.8 22.0502 19.5027
0 15628.2 23.5067 20.7791
25.1585 15645.3 23.2695 20.5648
0 15649 23.1324 20.2583
0 15669.3 24.9607 21.8291
25.1585 15665.8 15.6015 13.6279
25.1585 15679.5 21.658 18.7661
0 15691.1 22.6753 19.6472
25.1585 15698.2 22.9162 19.8069
0 15710.7 17.396 15.0299
25.1585 15718 21.3436 18.4173
0 15725.8 21.5842 18.6043
25.1585 15736.4 22.8247 19.6535
0 15744.4 19.7718 16.9882
25.1585 15756.1 23.312 19.949
0 15761.4 22.0779 18.866
25.1585 15776.1 19.4619 16.5732
0 15780.2 22.4613 19.1158
25.1585 15792.6 24.428 20.7458
0 15799.4 15.6881 13.2538
0 15812.6 21.9612 18.434
25.1585 15813.4 21.8357 18.2799
0 15831 22.0559 18.3099
25.1585 15831.7 24.6333 20.2956
0 15849.4 17.9625 14.7317
25.1585 15851.9 24.7848 20.1815
0 15864.1 21.0245 17.08
25.1585 15872.1 24.4607 19.6355
0 15881.2 21.1892 16.9897
25.1585 15891.8 24.1532 19.3457
0 15898.2 21.7849 17.4027
25.1585 15911.1 24.6037 19.3836
0 15915.6 18.962 14.8758
0 15930.4 21.0832 16.4741
25.1585 15930.5 24.2831 18.872
0 15946.9 23.9976 18.3129
25.1585 15949.4 21.2358 16.0185
0 15965.2 18.7969 14.123
25.1585 15965.4 21.2938 15.9436
0 15979.3 20.8095 15.4472
25.1585 15981.3 17.6057 13.043
25.1585 15994.4 23.9929 17.6065
0 15994.8 21.0579 15.2916
0 16010.1 24.7421 17.9061
25.1585 16012 20.412 14.6355
25.1585 16026.6 22.7643 16.1849
0 16028 16.0872 11.3373
0 16039.3 24.5134 17.1533
25.1585 16042.8 22.3098 15.5975
0 16056.5 22.8241 15.8798
25.1585 16058.4 20.5956 14.2534
0 16072.4 21.4859 14.7417
25.1585 16072.6 23.4803 16.0455
0 16087.1 23.5816 16.1133
25.1585 16088.7 23.8155 16.1426
0 16103.2 22.7704 15.3838
25.1585 16104.8 20.4314 13.7903
0 16118.6 16.672 11.1658
25.1585 16118.6 17.8939 11.9818
0 16129.8 16.5646 11.0661
25.1585 16130.6 23.1662 15.4443
0 16140.8 21.7954 14.493
25.1585 16146.1 18.5644 12.2825
0 16155.3 23.6908 15.5658
25.1585 16158.3 18.798 12.2894
25.1585 16170.6 20.2528 13.2231
0 16170.9 24.2915 15.8284
25.1585 16183.8 19.4544 12.5247
0 16186.7 23.8722 15.3296
25.1585 16196.4 23.3886 15.0151
0 16202 24.6335 15.7514
25.1585 16211.4 20.3379 12.9492
0 16217.8 22.832 14.4368
25.1585 16224.3 16.138 9.96884
0 16232.2 23.8016 14.545
25.1585 16234.3 22.9791 13.9491
0 16246.8 22.3674 13.3964
25.1585 16248.3 24.5892 14.7168
0 16260.2 21.7412 12.9976
25.1585 16263 12.6161 7.45749
25.1585 16270.4 20.4085 12.0533
0 16273.2 23.7674 13.9819
25.1585 16282.5 15.2139 8.83503
0 16287.2 24.6289 13.8911
25.1585 16291.3 22.7221 12.663
0 16301 24.6711 13.6578
25.1585 16304 23.8512 12.8871
0 16314.7 24.782 12.7258
25.1585 16316.9 19.8778 10.1033
25.1585 16327 22.4687 11.2947
0 16327.4 16.7249 7.75577
0 16335.2 19.4219 8.72524
25.1585 16338.3 23.8292 10.5831
0 16343.9 23.1829 10.0118
25.1585 16348.8 19.5938 8.12364
0 16353.9 22.8683 8.70598
25.1585 16357 19.6837 5.18242
25.1585 16362.2 19.7012 4.64839
0 16362.6 22.1594 4.92012
25.1585 16366.8 21.7706 4.38104
0 16367.5 18.6008 3.30941
0 16370.9 23.2392 2.62653
