100
0 0 82.3324 61.1061
0 61.1061 58.0957 38.8317
0 99.9378 58.0957 14.2367
0 114.174 52.148 76.3084
0 190.483 52.148 9.51711
58.0957 61.1061 36.0016 9.51711
58.0957 70.6232 30.0254 13.4013
58.0957 84.0245 30.0254 62.9071
58.0957 146.932 24.2367 38.8317
58.0957 185.763 24.2367 14.2367
88.1211 70.6232 10.0878 25.9196
88.1211 96.5428 10.0878 88.2549
88.1211 184.798 8.40824 85.5091
0 200 8.00311 0.050427
8.00311 200 8.00311 0.265955
16.0062 200 5.97624 13.4013
21.9825 200 5.97624 62.9071
52.148 114.174 5.8172 53.0684
52.148 167.243 5.8172 61.1061
82.3324 146.932 3.44218 0.316382
82.3324 147.248 3.44218 85.5091
98.2089 0 1.05659 45.2954
98.2089 45.2954 1.05659 42.9595
98.2089 88.2549 1.02819 25.0605
98.2089 113.315 1.02819 0.859169
99.2655 0 0.734411 25.0605
99.2655 25.0605 0.734411 0.859169
99.2655 25.9197 0.706005 45.2954
99.2655 71.2151 0.706005 42.9595
98.2089 114.175 0.405135 0.265955
98.614 114.175 0.405135 0.050427
