100
0 0 82.3324 61.1061
0 61.1061 58.0957 14.2367
0 75.3428 58.0957 38.8317
0 114.174 52.148 9.51711
0 123.692 52.148 76.3084
82.3324 0 0.706005 45.2954
83.0384 0 0.706005 42.9595
83.7444 0 1.05659 45.2954
84.801 0 1.05659 42.9595
85.8576 0 0.734411 25.0605
86.592 0 3.44218 85.5091
90.0342 0 1.02819 25.0605
91.0624 0 5.97624 62.9071
58.0957 61.1061 5.8172 61.1061
63.9129 61.1061 8.40824 85.5091
72.3211 61.1061 5.8172 53.0684
86.592 85.5091 10.0878 88.2549
72.3211 114.174 10.0878 25.9196
72.3211 140.094 5.97624 13.4013
0 200 30.0254 62.9071
30.0254 200 24.2367 38.8317
97.0386 0 0.734411 0.859169
97.773 0 1.02819 0.859169
98.8012 0 0.405135 0.265955
30.0254 238.832 24.2367 14.2367
30.0254 253.068 30.0254 13.4013
30.0254 266.47 36.0016 9.51711
99.2063 0 0.405135 0.050427
82.4089 45.2954 3.44218 0.316382
78.2974 140.094 8.00311 0.265955
78.2974 140.36 8.00311 0.050427
