1000 600
526 294
290 167
349 19
462 316
247 48
455 336
565 169
264 48
366 401
338 157
277 594
580 589
9 214
315 12
499 367
315 195
277 10
430 575
577 129
13 549
431 568
261 29
195 232
492 196
558 547
572 103
84 559
454 556
215 135
243 491
450 157
263 38
384 589
351 485
405 550
268 117
341 194
153 569
28 457
138 441
510 152
261 194
320 464
245 134
182 60
180 190
350 442
329 493
261 262
211 231
241 412
405 546
215 261
346 540
38 571
410 181
340 448
166 14
551 428
448 122
534 78
23 356
353 93
90 417
366 166
498 448
14 593
437 247
95 440
144 487
51 24
357 266
65 171
598 412
427 60
136 233
127 548
419 461
90 333
465 346
546 238
421 397
562 126
527 1
284 444
109 281
10 382
3 552
373 128
166 595
82 120
53 521
250 400
409 178
144 75
215 558
353 452
116 199
79 67
336 338
54 585
294 554
171 398
75 310
377 297
29 299
430 120
118 93
53 128
193 170
581 447
4 15
435 320
374 407
435 88
507 465
141 479
542 338
406 16
478 452
227 188
244 157
469 27
124 58
426 269
258 429
480 401
175 420
408 324
476 533
488 180
350 535
113 245
555 122
202 60
155 106
69 418
555 496
113 227
238 442
583 527
317 43
337 273
441 86
384 14
29 15
373 56
521 443
538 140
421 457
233 377
459 177
117 307
393 100
89 358
133 179
278 510
273 429
32 254
57 340
411 376
362 391
578 485
214 333
216 189
557 256
51 400
214 344
485 142
486 122
141 381
224 120
357 425
319 162
357 353
320 454
65 536
130 588
470 248
562 557
11 86
3 294
22 18
419 535
348 485
284 305
596 440
568 254
270 522
6 515
56 66
597 276
290 318
310 567
235 388
544 380
123 31
254 539
499 501
283 422
249 326
24 185
64 535
493 87
232 351
511 287
122 177
401 135
30 188
38 311
40 328
573 145
281 458
230 55
114 441
85 22
166 34
373 466
136 249
302 67
587 529
297 374
193 454
83 102
294 377
305 4
365 411
108 172
147 405
477 235
483 320
346 62
106 441
17 541
84 87
540 152
415 416
557 496
494 152
332 361
88 556
264 318
243 238
547 62
482 114
528 134
303 200
161 183
341 386
100 233
365 409
190 416
259 436
235 342
498 281
316 241
486 30
418 94
120 193
26 222
415 95
578 496
188 371
67 600
479 511
527 127
81 191
413 74
329 84
402 87
123 503
274 381
558 175
400 595
293 12
58 244
536 396
273 370
100 567
7 577
24 390
290 269
489 65
304 487
169 193
155 339
475 299
319 565
378 470
265 150
538 255
131 393
39 467
189 355
349 380
30 554
312 240
4 133
389 247
208 493
417 67
77 435
472 68
338 458
280 165
126 477
384 329
436 348
179 163
455 187
129 324
96 484
447 277
245 223
502 208
300 478
314 442
345 238
316 436
460 67
34 442
151 362
173 235
342 365
211 171
327 227
551 261
268 294
30 21
447 233
58 205
205 338
332 294
126 372
190 41
453 576
407 126
235 549
562 254
288 445
393 388
84 162
270 377
19 529
395 328
328 157
211 582
483 544
144 166
77 190
125 13
91 50
167 73
426 508
528 55
259 99
412 574
527 344
328 574
28 139
375 157
168 147
255 67
37 248
284 44
214 306
371 462
129 31
378 211
269 9
558 97
574 287
452 297
151 318
548 477
384 590
403 405
440 185
440 11
276 146
257 374
472 299
559 156
453 474
240 372
428 548
523 323
266 9
401 92
5 523
234 29
78 226
341 72
335 281
261 384
215 583
296 213
284 270
401 585
496 8
281 523
559 547
281 492
39 314
507 33
265 495
106 96
47 597
455 94
439 507
397 40
215 174
335 417
201 485
57 419
529 11
133 401
140 24
231 589
468 193
490 326
194 162
268 524
267 137
303 207
93 125
410 556
139 551
440 545
368 439
407 220
465 402
388 246
278 394
61 550
106 415
62 484
216 485
72 418
585 158
583 322
499 33
443 228
324 322
10 198
152 21
475 266
223 149
142 202
467 330
371 495
512 563
440 290
212 47
518 402
25 146
86 216
377 318
120 536
186 144
509 273
178 477
238 557
564 597
419 549
123 503
177 535
119 61
334 362
350 496
422 316
253 535
540 305
342 397
249 415
76 513
64 40
61 489
486 79
456 433
148 270
191 177
279 96
134 13
193 387
157 41
385 224
170 436
201 173
99 348
54 322
123 139
341 340
442 329
292 303
306 258
415 151
471 576
125 160
438 204
362 324
554 185
117 373
259 506
124 508
376 278
175 529
326 344
363 580
217 564
145 156
162 182
214 182
218 589
211 96
87 25
15 366
348 329
52 268
502 544
103 101
524 488
132 100
94 295
426 442
41 490
283 183
217 431
463 220
81 463
49 424
40 84
530 377
340 495
100 61
427 230
290 146
455 340
262 547
178 201
122 340
259 163
292 280
399 5
452 296
532 511
335 183
569 462
313 492
186 541
23 496
267 188
539 305
235 593
51 6
99 52
507 459
438 304
474 335
411 182
467 76
65 467
414 71
484 422
342 481
333 115
163 333
398 187
235 515
21 231
500 260
120 282
406 287
571 591
15 51
566 556
94 326
235 501
308 598
166 36
152 150
86 495
482 219
467 338
498 575
496 103
562 454
282 371
473 552
377 267
482 286
216 462
516 519
384 573
395 333
378 88
183 44
372 587
419 155
130 170
544 463
129 16
99 12
361 6
429 45
561 201
522 550
152 45
85 263
513 337
65 428
181 43
538 107
48 190
597 366
117 481
358 385
587 306
297 14
276 459
163 367
123 91
201 308
574 200
49 502
581 579
224 323
450 541
523 323
385 1
58 385
98 289
418 223
220 406
483 59
420 306
425 118
382 64
534 176
259 95
488 52
469 579
94 377
263 164
537 211
256 43
321 479
449 18
310 591
340 275
472 69
360 308
569 202
587 273
449 257
351 578
218 128
16 375
45 303
508 146
548 261
580 500
26 359
123 106
576 441
516 401
26 282
137 600
209 459
505 101
290 377
241 210
351 419
87 537
332 502
147 262
324 31
342 284
389 56
479 235
130 431
372 465
456 155
398 462
563 401
465 156
521 78
490 294
231 381
401 592
555 123
81 496
130 282
382 540
114 59
582 332
83 383
91 113
154 336
600 487
246 139
18 46
214 521
1 215
202 342
503 269
298 73
584 481
28 14
27 267
386 440
240 302
10 395
146 316
496 89
71 545
169 58
205 236
265 90
319 299
408 398
129 151
97 511
176 560
251 394
366 330
203 159
332 528
489 97
368 207
74 333
82 351
350 78
458 189
179 120
460 484
290 548
38 286
432 580
345 86
560 96
142 87
446 527
547 170
327 90
278 516
560 5
442 366
196 23
168 226
546 469
183 122
54 330
78 418
335 113
554 225
49 558
324 492
316 410
580 437
164 45
420 98
10 297
38 160
155 549
79 497
472 111
320 340
542 14
291 316
486 94
43 323
479 125
503 529
523 94
600 343
440 372
97 505
296 553
359 284
299 455
432 252
11 239
145 346
224 145
75 411
213 395
557 300
411 45
96 404
196 516
551 355
291 45
469 82
370 573
172 299
308 70
187 195
500 5
135 156
374 66
550 600
165 472
16 554
100 269
510 391
16 436
248 174
589 113
353 4
505 437
518 475
86 35
63 260
124 41
181 34
590 595
397 433
196 468
411 167
105 383
211 322
374 230
483 490
70 192
557 408
315 584
508 599
441 115
469 81
186 371
409 221
546 282
383 264
187 16
279 226
148 377
116 91
77 497
489 398
503 170
144 20
370 71
599 564
414 489
573 281
501 466
587 5
41 216
37 469
427 365
427 268
484 244
507 220
455 454
570 306
454 302
171 170
116 442
519 12
139 36
430 213
135 255
260 544
475 189
143 286
258 216
104 404
569 16
520 461
11 5
573 367
188 382
318 42
323 425
467 126
521 267
288 492
71 218
275 520
280 361
108 85
170 396
597 490
219 557
546 124
369 342
219 12
274 472
320 218
133 171
324 170
97 103
588 326
405 91
426 348
88 564
365 394
266 112
571 31
522 2
570 483
1 73
68 217
206 173
473 108
380 250
169 353
433 496
258 188
249 257
374 229
563 397
569 235
401 459
498 537
294 593
168 473
459 197
87 503
482 285
26 15
407 116
363 394
131 38
217 340
499 494
394 105
233 565
201 594
145 222
585 171
87 504
403 23
47 196
252 269
564 447
123 308
510 378
169 221
358 88
10 513
99 24
395 131
426 476
365 118
385 169
121 298
213 80
131 91
517 372
180 323
46 69
395 410
96 300
292 147
241 112
204 360
241 96
300 472
238 506
188 16
153 556
529 136
456 169
433 231
469 150
327 290
255 29
67 313
359 530
380 322
182 308
592 531
301 342
267 74
461 335
422 455
33 22
10 444
496 90
45 523
287 570
324 1
383 8
218 266
74 235
184 549
476 45
422 305
472 114
96 256
120 146
76 467
457 65
371 158
278 365
294 374
204 263
276 600
