10000 8000
99 1780
3160 1428
2906 7501
6932 4301
3817 812
1097 6513
364 2004
3588 6385
2402 7890
4901 1075
5798 3688
4542 1754
3617 6251
7581 1159
2621 5354
7973 3679
669 6288
2084 783
2507 7116
3360 2254
4017 1646
691 1442
4557 2901
921 3750
6367 5959
5128 7946
6564 5728
7615 5851
5896 6063
5218 7813
536 3933
4933 1366
5750 2767
3655 6980
3216 6798
5857 7794
3923 1958
5310 1711
4571 4811
3918 4160
6639 6019
4502 799
3435 5951
1738 7235
5501 971
2653 7202
4948 3369
280 565
6294 1785
1129 3835
7634 3101
6654 5952
4021 5401
6483 4767
1792 1472
4488 838
6969 5773
5175 5369
6305 3471
4228 7514
7335 5385
694 1703
7387 1112
3397 2692
2085 2646
6324 7163
4343 7231
4320 3841
7936 4370
2458 3450
6819 1274
2418 320
3943 6126
3860 2016
6448 4054
6744 4070
4206 4911
6100 923
6292 7728
6005 2635
2508 622
7310 3404
7144 2749
1903 5883
3356 3992
2810 5833
7467 962
6898 6454
4512 6254
4757 797
7422 1821
3116 7601
2681 7430
3424 326
2087 6906
3535 3667
2545 5256
1183 2230
6286 2334
18 5048
2034 6130
603 5843
770 2400
6064 2097
6924 533
5089 695
2933 3243
4584 2114
5234 1557
3777 3376
3643 2686
6524 4067
4477 5293
2064 7937
1232 7020
3762 7616
2088 2921
5926 5408
207 3804
1622 2489
2259 6378
3873 4854
5436 4682
7029 7394
4864 5414
992 1698
6586 3460
2147 195
6489 5285
1096 54
661 6957
566 409
2472 5701
6659 2617
4474 2046
6985 340
733 4407
1148 419
3834 6848
6971 2071
5707 1087
228 6308
4683 1043
5293 956
3755 4216
6448 1501
5703 6955
3271 333
2200 78
6937 7716
5483 5581
4211 4748
3858 5506
5211 6853
4249 342
2337 7788
2428 937
4598 2684
2454 6069
3649 3029
4125 7342
3312 892
3469 7404
2892 3300
1890 7627
3921 3883
4362 3986
7228 2280
5210 532
1381 5156
6016 4884
7695 5030
1593 5292
6078 6004
5636 3056
6153 2710
6742 654
1903 7773
4751 5049
6318 4068
3757 198
3794 4758
1151 726
7372 3888
2269 3381
771 2184
151 3010
7023 2063
299 3984
1827 2835
4411 4877
4074 72
3582 6881
5462 4615
6325 2521
5845 2711
2080 1605
7301 3372
947 2078
5385 7533
7044 5612
7517 4026
5190 679
934 4462
6778 7581
334 2209
5412 5523
6862 6194
3452 5487
2252 2819
6183 342
2408 1540
7973 1169
5906 7989
5452 6517
2654 7718
1909 7363
1242 3393
5045 7437
7455 6347
3791 154
3110 7783
487 5644
7837 540
2298 6208
4794 3480
1997 2614
7120 3252
2147 1714
864 3961
4659 7330
1969 5795
1305 3200
4131 230
3916 6714
5248 687
1232 1744
3156 7212
237 702
2494 5582
1823 7516
4168 3086
1423 2562
6964 4782
6914 1263
3223 2177
3473 2924
7531 6125
4505 1196
7391 5872
6451 3063
6385 7457
295 6664
4031 7544
6940 51
2970 1105
7635 2314
6173 5357
4565 7298
6333 2682
4650 4882
7520 7380
1548 5596
6643 4683
5915 463
1719 6119
210 4620
7579 3177
6074 5191
1552 4756
5790 2161
6809 3436
638 852
4705 638
6279 3518
2258 3744
1795 5601
2851 6778
5454 7994
4786 7685
5705 1009
3602 6163
7506 2176
5414 4752
4659 1112
559 7751
3033 1856
2658 3752
2568 7040
7614 2504
7566 573
1180 5609
693 1189
2567 7740
509 7886
1615 3428
7946 4185
89 1661
3865 6109
185 5789
1272 3714
6147 7897
3063 618
6109 4235
6298 6295
1305 3923
4944 4169
2178 1692
2217 2918
5045 7329
5251 159
4659 2287
5 5777
947 428
4496 1449
61 7512
3507 1484
2740 7187
4254 2742
1396 4384
2458 6304
5981 2792
1847 360
5741 1026
837 3564
1685 6769
5127 822
5317 1646
2852 7071
1738 7208
3360 45
3545 458
1483 5951
5484 6844
6200 2411
6156 1772
817 2725
559 4238
4457 4323
4997 6113
7858 7870
910 5749
4336 6236
5934 4970
6286 6860
7043 442
1327 5169
7158 2170
2920 611
7312 3484
172 466
5904 5753
4743 4716
6522 7245
3408 5889
1713 2307
4185 2086
3400 6579
7528 2647
726 5034
939 672
7240 2729
2791 7677
3451 4272
1906 6464
2187 7420
4194 7027
2789 7758
133 2175
6372 1262
5778 5708
602 3504
4320 1962
5164 3574
4566 4655
1316 7926
3043 4770
193 1597
2287 2776
5457 4468
7825 477
1090 2659
3970 1174
1910 2995
785 5732
6869 6200
3865 2314
5479 6446
5297 2451
162 1667
2530 7982
4736 5974
5662 156
2325 7807
5870 332
1312 2703
429 6659
7264 601
3188 4034
233 753
3029 7523
7798 4595
7948 133
4801 1351
7282 6312
1681 4260
180 5466
7892 659
1156 5332
5549 1206
2510 5791
5327 7304
6766 3451
2507 3110
5984 4160
4134 6863
6328 4422
3503 680
3219 6403
5199 2051
3277 1971
6498 2144
7028 3069
1093 2932
2557 5075
3569 2410
7926 6490
455 5608
1020 7563
875 7443
942 153
3862 469
673 6803
3815 4382
2390 3789
5946 2920
3113 2426
5180 576
266 3869
830 7362
3889 1825
7880 3427
6286 2884
1519 4725
4671 1211
682 2087
3398 7570
7073 4491
2426 5780
2823 6557
1852 2538
490 2880
685 6343
5320 970
7839 67
7461 3523
3081 6597
5466 7658
5438 551
2288 4153
800 3349
1261 2923
4368 2486
366 1466
6314 3663
5942 2221
6447 2788
3846 6162
7491 4192
7534 3208
7833 2678
5218 3073
6123 841
1104 2502
750 7881
4401 5628
5317 4895
5279 6757
3317 1932
678 7402
5593 3341
2077 87
6999 7489
4279 5543
4626 4877
5461 1794
5857 7680
6046 6212
3072 5043
594 2752
2502 692
2139 965
4503 3043
5349 95
1691 1755
2352 6689
3887 2133
4388 5794
2010 3786
4388 7878
6018 1112
229 5695
7968 4327
4993 1682
1585 2892
2759 4895
6190 7918
7958 2524
7167 7719
3882 6369
2156 2156
3445 2729
5652 2097
5362 5911
1505 5639
950 7799
891 3271
4296 5575
3900 4532
6514 1845
3684 7580
6680 43
1295 5311
1417 4745
1251 820
6612 5937
7822 3527
7581 3465
176 4327
4975 7164
6420 896
5844 5250
6373 6308
6371 2722
1375 2095
474 3765
1923 6571
5996 4844
2511 49
5788 5076
5997 2513
459 89
7019 7540
4559 458
1579 5120
3460 6747
2907 5756
2663 5488
6120 7605
2657 6425
2863 2400
1376 5656
757 6528
1068 4267
7447 2122
3449 7814
3012 5704
1208 2273
3753 6523
2355 3506
1581 7044
3609 6012
3103 1541
6870 3080
2156 2051
679 4594
214 718
365 7976
2401 3621
2816 6511
1232 4948
1413 5799
6735 31
6595 399
6322 6691
818 4491
734 635
1237 3237
2822 7457
1802 4371
5338 6037
7456 6840
4794 3907
5992 1261
4209 288
7951 1472
7904 3989
1643 4413
440 3871
147 2541
4397 1846
436 605
7655 5164
6881 2400
7098 7065
4971 6551
2584 1461
7026 4464
4421 709
4218 4589
5132 1402
4673 7207
6257 2902
4433 5586
6694 336
721 6466
6401 7674
3872 1582
558 6945
3173 4405
7713 4276
2528 1822
7183 5417
1221 164
3358 1757
5643 3122
1882 4411
6208 5931
6761 7390
6559 2093
3969 3578
7588 5335
6744 4216
6431 7241
28 2720
3464 5546
3365 1660
6802 4464
7720 2042
130 4635
621 6035
5506 1795
4611 426
3569 2324
5874 6583
1598 6487
2033 6948
1653 7539
5977 631
2520 3635
1178 4274
7666 585
2733 4599
5224 2067
3913 3440
401 5662
1370 878
456 2857
4463 3600
4031 4459
7731 423
4374 3863
4254 536
2540 862
172 3201
7028 437
2255 3359
7180 5978
6944 1903
2635 2769
2780 1683
4633 7796
6285 2744
3012 5866
4486 54
656 3639
2451 4279
3278 629
6064 3932
6128 2784
1849 92
411 4632
1570 4462
3198 803
2344 1194
6818 3250
4936 4651
3523 677
7726 1975
5407 6929
6256 4642
2764 1792
6140 5103
5646 1273
5263 2233
3625 2946
7208 7057
7604 1444
5501 2345
6703 4142
1260 7985
7894 6268
4596 5887
2486 6713
7269 1268
6976 227
6485 6493
6236 7310
1813 1431
2688 6060
7716 503
960 5451
7970 4968
3112 7711
7559 2966
4168 5698
468 1675
6159 1593
3274 6744
2267 3705
474 439
6928 6954
1950 7470
4904 746
6470 7990
4553 3797
4117 2845
6621 1796
1997 4585
4382 4051
551 3326
7856 104
3656 5250
2548 2608
5617 3774
2330 4844
5814 4424
7414 7149
7025 4639
4695 1115
6327 2326
3732 6140
2763 7797
4583 5171
5906 5020
5503 391
2119 2857
7056 5990
2800 7580
942 2474
7569 7801
3930 91
4511 6510
3995 1396
3383 2870
2257 7594
4048 7101
2887 4522
4783 4933
6151 3234
5530 2504
1202 3972
1038 1567
7312 3079
4788 1890
3556 6894
6674 1617
2115 3724
3006 6642
6567 2824
7833 1468
5568 6750
4281 2868
7626 3686
4903 2262
6116 1497
2379 7158
4384 1809
612 359
727 2320
1725 3292
6015 2884
2076 5517
7423 7561
7420 7580
4737 5872
4477 7545
5321 383
3355 6531
4358 4920
5917 368
6759 5471
7950 686
3056 3766
7281 714
2893 3595
4465 7250
6886 6772
983 4534
1715 6042
1087 1972
3986 1524
3021 5109
2007 1685
7580 113
739 6825
2679 2266
7224 7291
2956 2680
4171 7483
2013 6545
7195 2943
6009 5579
3842 199
4203 5204
4810 5765
2097 5122
2433 2845
7536 3511
6672 7849
7717 1992
1992 5312
1951 478
3070 6328
7788 5084
5785 7145
913 4801
41 2868
2110 3985
4730 580
5376 2031
618 4564
2681 2382
7607 2674
5389 7304
4316 386
3743 5966
1822 837
1788 258
3490 5339
4821 4961
897 3015
4147 1637
94 499
6502 6058
503 6644
6206 3791
3003 3662
5822 1759
4444 7931
782 241
36 1576
4848 7884
7500 7937
309 5135
6859 4014
881 6032
6380 7902
5484 708
3811 195
7066 2207
1825 7965
3534 7996
5158 1980
7722 1150
2519 6080
282 5880
4880 5860
4674 2250
4475 3387
5236 6605
6881 505
5543 6065
7745 7924
6757 3941
7903 1708
3203 6263
2463 4361
1494 125
1298 3365
5028 1267
4048 4362
1753 3749
1991 3069
6843 3152
5138 4347
3424 1668
4750 5122
3295 1484
7913 2515
3396 465
3643 3255
1992 2108
6362 2496
5824 3931
361 593
3604 1478
4656 864
6963 2114
5234 5499
6661 101
4218 6217
3489 7291
4216 339
4609 2601
3979 2115
7666 2448
5023 7211
3728 5812
569 5576
7090 7134
6608 6601
1762 4735
607 6219
6672 6741
7032 7143
1415 1427
6619 4014
1183 5948
519 7091
3637 7312
144 778
1432 490
4594 5648
2693 4265
6309 5355
4694 2958
561 1555
7798 5413
6340 3602
3544 3368
6530 4616
4841 5344
2652 3761
322 2381
6692 1707
6051 2632
2016 4338
6621 7463
3165 1263
846 6241
7749 7665
6866 5362
2996 250
5688 7937
3400 5501
1075 1
6967 1766
658 7189
6502 795
7091 4535
5559 7745
435 5466
2146 7171
6760 2510
4103 5518
1363 869
1858 5344
208 2580
4481 707
5392 155
274 5716
2057 616
2304 6601
3500 5881
1760 3763
1432 2626
2663 4159
589 4302
7422 963
2211 7208
729 504
1404 7932
6852 7618
2615 2042
5374 2808
2086 4731
3787 1056
3651 7463
5061 58
7518 7766
6195 3393
730 6837
6109 6061
6297 2284
2910 7484
2165 2941
7226 4466
5809 1264
6514 414
1583 1453
4758 6432
7395 2985
1243 4712
4615 1989
2477 7232
5776 6770
4678 653
3361 858
1792 3794
1792 6139
7079 4277
1414 5525
3731 3654
5402 2887
4341 2045
2208 1717
5039 6851
1389 5356
3049 116
2238 3913
353 4452
2090 1175
258 4128
2838 6647
7097 7862
3752 4485
6276 5431
2046 5816
4171 2171
7455 5642
2932 2598
1650 3545
114 5034
6125 2638
3485 781
5713 6460
7048 3437
725 3147
4623 2177
2271 7829
431 161
7610 7056
5787 7881
2053 5870
7499 3353
5224 257
7064 5473
7437 2851
902 6876
4876 5205
544 762
7526 6054
4107 4835
5623 6742
7636 5240
3302 4604
2763 1820
6943 3173
1236 4339
5955 6014
7227 6697
6877 5812
5384 1846
1625 281
5651 7201
4592 7626
6554 195
999 6159
1937 6990
6713 1602
5497 2766
3474 371
2548 6894
7613 4812
7960 61
3872 2545
2818 7858
7335 42
4717 4974
2174 1988
1795 5762
6979 6516
4786 2993
5819 5438
899 4407
3907 6485
5352 7050
6858 3268
5267 4063
5630 3532
7631 6384
4292 6799
5833 1725
2732 3501
3758 2192
1572 3628
4092 7238
4652 5917
3153 3147
969 60
4681 5285
4798 5273
7750 2164
3128 2933
1424 6008
7753 6319
1632 7187
6231 1312
3319 1040
4886 3395
3380 7845
3443 4825
5094 5237
210 3915
671 6425
7803 466
458 6752
1424 3732
5118 2260
1091 3279
850 3263
4421 6203
5683 6894
3074 5355
6581 3317
3595 6517
4327 1588
3476 3474
4074 6296
7007 6791
67 7908
504 4293
430 2865
5347 3215
7285 2035
7315 3418
2562 3135
5596 2105
7218 10
6571 3706
4714 7924
5877 2314
1518 1157
4653 1440
3632 6646
4538 7641
3941 755
552 7456
2590 607
3038 3729
726 1496
272 7198
903 6781
2613 7601
3 1582
2236 3411
4607 3923
1658 7820
6514 4064
6631 6092
4319 6679
6283 6217
7534 5134
1331 1834
5954 4658
6184 100
5319 3660
4194 1507
10 5059
7096 7083
5518 7202
4251 6719
5404 2844
388 5953
6746 6670
6827 5532
3551 4483
3706 5087
7494 829
3521 1578
2561 6323
2923 2574
1584 3926
7985 432
1971 2520
5581 7598
3580 1007
562 5382
7272 3606
3962 7987
7055 342
4256 600
4698 3075
4719 5474
1108 3401
7866 809
7940 4905
910 216
4219 7934
6309 7566
4969 1413
2588 3780
180 5980
6247 4655
2636 2826
5956 6312
7224 5760
1069 6410
4917 862
914 5723
3073 7417
2246 7151
179 3100
6713 4746
3789 4172
5734 7237
6676 6609
3085 4147
2719 113
3684 7300
2479 2047
2698 7209
5374 1684
5948 504
3163 4253
3403 7763
4724 7830
5837 964
6389 1300
3347 236
7505 137
3356 6813
5789 6212
5256 6340
4005 247
3152 2507
2042 7741
5427 4541
2569 3419
5940 1003
6642 6278
5442 4175
6806 2598
184 7344
5938 3290
582 7877
7980 2172
5871 7325
2028 486
502 4351
3949 2997
3922 3277
4820 7309
4905 6062
7744 6813
4156 3691
354 5668
3808 7898
3471 2995
6893 890
3219 4853
7866 4447
9 4398
7112 847
4136 1856
5437 6059
4640 1523
1940 2578
102 1845
7572 642
7244 4256
5310 3392
20 6844
2955 4219
3974 1605
405 940
3648 3630
4629 6912
1486 7013
5901 185
7418 5977
4358 6929
2341 3066
7677 6113
2199 3839
3546 5506
4052 2990
7713 6898
2224 856
556 7545
4516 3554
5529 1100
7200 3724
2752 2289
483 6763
6504 7652
5130 2361
314 314
7653 3408
1205 1092
2448 1011
3236 3766
2561 6030
973 3272
1501 3519
3500 6941
1936 3284
5599 5411
4572 6935
7331 7482
2481 4936
2175 4760
1855 5289
4031 1452
2120 4416
4964 3457
1209 7704
6426 6118
570 4937
1066 780
1412 7737
3121 2287
946 547
3857 184
4251 3223
7910 5282
4064 130
6844 4061
3201 6128
4223 5168
7925 2959
7922 1889
7097 5494
420 5913
3752 5349
33 5956
844 7183
741 119
1204 6869
2070 2005
518 2709
4018 6067
4759 3491
198 6074
6265 4246
6048 3405
7892 1991
2952 5804
5753 2581
4203 89
3954 684
1048 6073
4638 4616
6127 2556
1468 628
5141 6656
3909 5976
2861 2867
3967 1010
4292 56
1167 2404
7116 1229
2254 1007
5452 7658
2144 7166
6741 7468
897 7206
5048 1138
5729 3564
4726 1608
2674 3208
1272 194
1215 1768
6401 7531
3263 4920
3552 5535
6122 1057
7018 2358
651 6351
423 1571
6423 5304
5452 3995
4477 3418
873 4665
3774 1411
1508 1633
5631 2839
5030 3875
6557 526
276 6563
3328 3068
4929 6007
3763 5589
5794 5329
3826 2608
2 6238
1605 5515
6966 1965
461 208
660 2900
221 2774
1120 5648
6091 7531
6279 5995
6 81
3344 7587
7785 2310
1743 4936
4817 1544
4700 5798
7468 5209
5315 2788
659 6784
2365 2796
26 2704
1375 2060
5541 428
658 4252
6141 6603
5251 7586
5730 6265
2907 5810
4131 6815
4146 5594
5037 5699
6975 6077
7905 2130
6164 1853
2345 1950
7944 5022
7755 6883
2356 7401
6462 7310
7970 399
3581 2688
3010 4111
6619 3535
5023 3098
4502 3597
7890 6452
6894 4685
6773 4061
1336 1124
6875 3569
7982 7853
1982 4301
4873 3728
3001 4147
1042 2819
5048 2928
3317 3728
684 379
3351 4505
7427 4897
7977 5914
23 1951
189 367
230 3535
2905 1558
6914 4808
2378 3957
2441 1407
6011 7071
3544 5490
1286 2515
2172 2566
4426 4678
2537 2094
6398 5794
303 6544
4741 2638
1961 2339
6978 7536
696 3868
2861 5808
5039 713
3367 191
4496 2237
2442 2520
6584 7661
5765 3654
534 858
5095 103
2593 6768
953 7407
587 494
2385 1648
3952 4296
1572 5144
7508 3082
1628 5563
844 4093
6570 3410
5307 270
2078 5764
6016 2861
6837 7653
2542 7540
7986 3581
7549 7113
7536 4746
895 7557
1910 136
5077 3542
844 303
2146 3553
7501 5822
5824 4332
7870 631
1714 4412
6238 5035
5338 3258
3582 4855
4588 1627
4563 2767
5859 1344
6922 1210
3059 4891
4955 2142
6014 6228
4385 126
1610 4011
7721 897
3699 2782
4937 7797
541 1613
883 1107
877 4060
6409 7301
2745 1561
6771 6629
5116 1951
4143 3592
2895 1082
6569 5947
6741 2315
7116 6348
117 1070
4631 4876
397 3995
2931 84
1060 3018
6148 70
7329 3675
1214 7957
3067 6900
890 3144
4977 620
6793 7610
3131 6760
2440 678
1600 963
2676 865
6025 4467
1984 5928
6070 3562
1573 2524
3760 6587
1274 5323
6686 6782
7684 3953
4060 4021
911 4671
6696 3312
5181 6683
1247 749
5663 4007
2537 836
4802 5574
7984 4290
5707 4764
2774 1813
839 7382
3111 7400
1212 811
6540 6798
6532 7649
5442 2724
3163 1042
2827 4722
1718 6384
3171 3155
5206 6919
5558 6102
1182 4994
1552 3747
4833 7409
6165 3042
2496 2313
7730 6424
2483 7788
7315 1107
1957 491
919 393
7685 4938
5825 2748
4762 1987
48 2272
214 4173
6737 896
6063 5341
275 3166
7338 1198
5659 1818
7801 6206
6522 1749
5318 4057
2268 2133
1488 5465
7105 299
4086 2350
2673 3092
1233 923
236 5982
6471 5377
5281 7627
2717 2528
2912 7226
4301 2011
2576 4676
4569 571
4069 3045
1822 4727
3021 732
4908 6643
2602 2068
1685 7046
5957 7427
3844 1088
3777 3283
1169 7148
6925 3904
6674 3858
7134 3265
5747 5504
6301 7658
4873 5386
4636 2641
739 6992
4495 2799
3490 3327
7993 2442
3211 6874
6628 5393
7259 4539
4693 3528
1370 4948
5311 6372
2483 7099
6135 6969
4803 6950
3048 3538
5808 4019
7240 4448
5756 2283
3979 2968
7066 7751
3542 3286
960 1459
2166 902
3005 1491
6994 7492
3085 6788
606 3650
491 6948
1554 4843
5542 4628
3867 6597
5495 3836
4112 2268
2130 6416
6055 7069
2491 4306
2729 3584
475 5272
1187 1834
4563 3856
6367 1233
656 7681
3346 4321
3295 1492
2711 7582
2371 2898
5404 3083
3078 6063
2395 3019
4364 5448
1677 4743
110 6313
5018 6671
5637 3794
5139 7108
3972 5243
6947 3765
139 2261
131 776
7290 4051
5678 5468
2179 1897
5141 2284
6724 2387
4755 1975
531 7514
7395 4830
5594 1555
785 5773
5733 4584
6766 1309
2297 4186
7624 3385
5928 5703
3929 3840
1122 7337
6207 1131
2190 7840
1388 7920
1625 5425
5535 294
4110 2830
6291 4905
104 5208
694 6464
6692 4514
1180 829
857 1848
6965 4581
2124 4959
3004 5841
7231 1759
1266 3860
1035 7487
1291 6750
6766 720
7527 1953
294 7853
579 50
5055 5376
4785 4209
1385 4232
325 2028
1997 154
4754 6657
3937 294
3989 4611
7547 7420
5039 2527
7523 911
5593 4736
7851 2744
7507 3119
3843 7421
1309 7615
4424 4628
618 6056
5789 3235
1746 6002
1853 3658
1991 6804
3983 6051
5578 3486
2555 7048
1694 7124
6333 1494
7102 6876
1144 7665
2699 2778
1228 4617
4360 153
7210 1691
201 941
5287 3258
2281 4118
4816 5071
892 7336
5054 1119
68 1769
1770 6604
7080 763
7554 2399
225 5370
699 7044
311 5800
2026 598
4908 3720
6670 221
7223 6919
2672 6421
1140 6945
1071 5106
4889 6915
277 160
4588 4269
5421 207
5491 4443
5913 2095
4204 5924
4831 6136
7231 5410
1220 1838
1265 1107
4316 1571
4122 7167
1376 317
6361 6556
4289 7097
1094 1326
2492 7920
5096 4530
1839 2906
745 3517
5547 5904
646 4513
4106 662
331 7952
3971 3352
575 5380
4219 1716
5788 4445
5470 4921
2050 2060
7471 3310
2603 1009
412 3223
4386 1600
2838 4211
2800 3689
3999 5385
919 1080
6885 4965
4163 890
6542 4701
2046 1569
3476 5400
3555 169
5203 3217
7445 2236
1568 1241
497 2451
157 7131
7616 6495
5258 4260
370 551
6686 6947
5064 7538
5783 621
6800 2343
142 4291
5718 3443
5902 3224
5977 875
6694 6734
316 7667
6397 3009
7998 2334
7718 326
2476 4502
6196 885
5845 2815
5200 4772
3647 2071
3208 3830
2456 7713
7850 3541
5999 7042
3410 251
7588 7915
2240 1847
798 5368
6190 430
2619 7384
7264 7264
4557 879
5308 6380
3139 7544
7004 662
5605 367
3362 6793
3333 5358
5387 1176
5362 3606
1863 6473
1838 6832
7240 2708
5858 6932
6810 7016
17 6986
7602 943
3979 6384
2505 5203
6307 923
5739 5121
3170 6081
1162 3565
381 1687
2649 2006
7109 6646
3222 4043
1694 451
39 4014
4530 847
3305 440
3366 2876
2181 1213
1230 5282
5956 1201
7388 6256
2916 5804
7711 3607
2091 3434
6698 1763
2171 7382
145 1643
167 5576
3036 556
6085 7308
4981 7409
2052 3301
7524 3446
2624 6161
4861 1804
3156 5455
408 3967
1456 607
5890 6839
4651 3081
6898 7004
6362 6432
5439 5886
3937 3080
3728 4211
6537 1142
6675 2882
2451 4663
7794 3135
3660 6260
1794 5688
3554 1972
3070 3600
6454 1506
2741 3946
7602 6417
511 7944
3805 2365
6325 5556
493 3027
3618 672
4892 4148
1908 1033
2621 4982
695 4577
2961 1452
3012 7404
3158 1384
3062 3051
6111 2558
3358 1528
3497 3210
5048 241
493 4468
2205 1880
3122 7282
698 6010
6821 7503
1344 3599
4011 2411
1501 4450
6070 7300
3564 2929
7767 6323
4520 6103
6035 58
5671 5224
1144 7228
5 669
1521 1037
1310 2353
601 172
4480 2186
3405 7694
6943 2588
325 30
395 6859
3940 2369
1632 975
6669 6814
4028 4125
6009 5150
1207 1412
3142 3632
3022 7125
7698 1681
5471 1670
265 2186
924 280
1595 6522
7034 2744
2290 5077
6313 2723
3394 4845
3465 7758
6945 5040
155 3909
6457 3058
7093 3666
4348 7277
4794 5088
1400 6855
2122 32
939 7507
1206 7724
1752 1561
6007 4779
5658 7258
3103 6388
6969 3919
7375 694
699 2418
7915 6295
7676 5247
7755 1371
641 5180
1395 2696
1482 4023
1222 1607
4006 6479
7414 5838
5644 5237
2623 7676
6438 436
597 3012
6768 1327
5275 4238
4290 3754
4309 3546
3370 6029
5984 2343
5694 6052
7649 4435
1905 1961
635 2371
803 3142
1925 3525
446 982
2939 7156
3198 172
2611 413
5840 5654
7443 6815
3871 3554
6018 280
5419 4258
4636 5438
667 6765
6826 3914
5268 7526
5521 7964
4298 5697
5257 347
5206 2306
7377 2139
1225 1416
5409 1989
641 5259
6689 3121
2617 1250
7704 4695
1573 3336
935 4711
2815 2655
7415 629
1116 7349
6640 7833
7874 4807
1451 214
7613 4803
427 121
1904 5586
4935 1796
4266 1046
7723 6284
4729 432
3713 7648
4227 5510
7401 491
1810 1219
3120 4124
1328 2143
3584 1860
244 2528
4692 3391
7067 6305
175 1494
5338 3026
7886 4708
4915 768
5019 5240
5895 2390
6371 4347
4715 36
6922 6610
958 6880
4093 902
4729 3627
4777 5731
3911 6613
683 29
535 3490
775 7226
3888 5007
4636 6251
3269 7952
4183 124
5130 6108
5992 3887
1478 4715
6450 7332
744 4222
6471 3517
3550 7905
4243 4799
868 6509
7575 1402
3930 6352
7514 5484
2010 2193
3547 6307
5576 6670
3657 4578
939 6728
7798 2182
1595 4962
6538 2729
5754 1062
6836 6407
4360 4553
3302 991
6130 3056
2434 6364
1804 4658
7439 5173
2879 1248
5425 1874
5795 2307
1944 5744
1617 3556
3767 3334
7858 4434
568 4841
3292 607
1454 1901
1439 5996
7179 6669
3738 4326
6611 4428
4116 2257
272 5469
1928 2693
4296 3841
4991 6326
684 2735
7716 3128
1554 4728
5397 6401
6757 5675
6454 2225
5339 1910
5706 5969
3624 463
4292 4248
370 4690
4698 7540
6724 1516
6684 7047
3398 2679
6404 1967
6509 166
4814 6602
2031 3940
4745 377
4154 4280
6127 5285
2725 236
3186 2752
6759 4974
1111 4750
5190 6902
327 1443
4947 1193
6628 686
6421 2750
5145 1782
7491 927
4277 5604
54 2130
2617 6722
6173 2904
687 2242
755 3797
6846 6402
6766 1074
6844 3918
3769 6400
2115 2983
2085 2654
1799 1986
3036 4764
6502 7636
6230 2336
2497 4685
7695 5577
3595 3106
760 2067
6303 2320
2092 7867
5527 1822
2663 4835
90 3234
4018 4407
117 2950
418 17
494 7948
5826 7322
404 1936
6926 755
3355 5326
3170 915
6439 2211
3761 5489
167 1368
1082 4836
6244 1692
4600 136
4314 4177
6298 5733
1030 6218
3058 907
4800 6804
6897 4608
1419 4403
5843 4510
5291 4397
983 5430
1782 7565
5554 697
1262 929
516 985
7886 773
4491 4523
163 1315
4951 6608
4957 5435
5950 1684
1830 4640
6032 4694
1522 7299
1613 4201
7768 6772
7318 7995
5664 2470
6882 1652
4829 243
5170 5409
1981 5600
6151 3346
4382 6753
2770 5312
3107 7328
5868 3444
2184 314
3463 6307
1330 970
1701 1630
1739 3947
4807 2602
2764 312
553 4586
5595 1174
4268 3398
7000 4789
4692 1158
434 1682
2227 319
6400 7937
421 5554
3021 3305
2174 1457
2099 3536
6401 4099
3947 1881
2067 5130
3939 3018
5743 2467
1617 4819
5018 6286
1288 6732
4826 15
6344 5759
2083 148
91 7078
4050 2583
1757 4022
4829 6342
28 7196
7306 1954
1697 1158
928 3813
3916 1829
923 999
7207 1969
7076 66
3060 2670
4096 244
392 5102
6472 3974
4380 1880
1561 3371
5602 7335
7308 747
4885 7926
681 3201
5012 3130
2903 1
6064 7760
6935 3389
4932 1273
1011 7850
1477 2850
1648 4607
1113 4457
6283 7326
109 2782
1828 5494
6017 5510
6708 2344
7687 7782
3780 7656
941 2238
2721 167
7927 5907
4683 815
3920 3377
6445 334
802 7601
3922 7670
6372 6264
1621 4388
7987 2304
5785 2496
2725 4507
571 388
4250 4596
4997 1569
4627 921
5860 7135
7688 2678
1437 259
4020 5091
1147 2101
1012 5794
4492 6434
4752 3425
1037 7392
2905 3207
738 2960
7540 749
4426 6025
2869 3049
2323 3763
3632 5779
714 4848
4171 258
3766 834
408 6615
4102 3625
418 381
4231 4171
2630 7470
7066 3993
1156 7866
6822 3440
4694 516
2250 3517
2945 3597
1813 1957
6377 2037
1658 7908
5609 7678
4606 3764
4515 148
4276 6960
6741 6090
6379 2425
174 5159
5158 1433
2143 6433
4236 3686
7284 1320
2465 5481
4517 3238
1589 448
4008 453
7516 1729
4874 4211
4957 4704
3262 2978
7086 3283
5877 2962
6241 4403
5039 2642
7512 4838
208 1604
7550 4027
3894 5602
7481 7189
1802 5054
2906 5964
6229 4110
3863 1616
4245 743
6652 3279
2897 1929
3165 5657
361 348
719 5891
2673 3769
2776 457
5567 2924
7395 7223
131 3960
3384 6729
6423 668
5548 7505
6231 853
6421 3993
6643 3940
5889 6154
387 913
7592 7500
1370 3376
2782 5871
3549 1315
5581 2890
5078 7712
3235 5537
1860 693
3784 76
4341 3017
4435 6038
6999 5156
1661 3172
7628 1778
6934 727
4796 3075
4662 7346
4719 791
2999 64
3163 1753
5473 7856
4538 1065
4134 3971
1504 4254
4432 5096
1996 5580
3319 1573
5309 5954
2039 3512
4935 3543
6881 2366
6373 487
4657 85
401 7576
2304 4925
6802 6946
1979 7429
853 7694
4756 5795
512 5565
3832 3235
4931 6381
4480 4548
4656 3576
2155 2334
4172 6301
3660 713
7462 4611
768 4027
1511 4795
163 4720
1707 454
5379 335
1103 7319
6293 2250
6283 6937
935 5830
3331 756
6870 444
3864 4813
897 7007
4356 5195
5566 4606
1894 609
6475 7533
858 3593
6407 607
4749 4301
98 5655
4240 972
5842 6080
7850 379
3911 5336
5555 6890
7970 2708
1246 4617
2529 6017
5911 7914
4190 5927
526 4872
634 5618
5586 2121
6932 1556
5985 2368
5310 6053
2623 4534
7793 1996
7429 6826
4607 5795
3836 5974
6090 6294
5674 3636
372 3276
1132 4225
726 522
5 2881
4853 4884
1782 5379
6769 5269
5263 3302
640 7616
6020 4124
2139 4984
1795 4910
6391 1133
581 7744
1911 2888
1507 7447
1120 5514
1260 2904
6733 4976
6004 4883
1956 3353
7406 6143
1480 5418
5758 1607
7696 3250
840 7942
4473 1994
5517 1423
3543 7936
5303 4017
4946 4916
6898 1017
6222 577
638 3576
299 1376
6914 6982
7983 1098
1828 1734
4992 1181
598 7020
6231 513
7667 6269
4913 2251
650 86
7560 5602
7994 7920
769 5536
255 546
2343 6202
3019 1639
2648 548
3224 4514
6654 6383
5053 4319
65 5237
1472 668
4283 2550
5420 392
5485 2947
2275 2314
688 2651
3445 5125
558 4181
1777 2395
593 4477
6330 6576
2300 2050
2910 4208
7673 4752
6500 5843
2291 2233
4324 607
1574 2393
732 7215
275 6010
4031 5684
4088 5493
6160 1849
1087 5018
7920 7851
5302 7378
7604 408
6143 4483
6971 4023
5193 6708
4223 2793
4095 6322
7657 126
7038 5426
7338 5883
7437 2871
7047 5466
904 1654
7284 1619
6430 7417
1701 6362
5245 6465
6049 169
5897 111
2200 3775
2580 805
5686 5737
6731 5160
1464 3136
6061 7688
1919 6387
7490 6468
6243 1094
6729 6248
5833 6043
7026 2552
4856 1841
7181 7185
2280 42
579 4238
6876 2513
5188 5481
3762 6555
5056 6370
761 3245
474 37
258 6495
4249 2471
5562 6464
7137 1041
2998 3738
2147 32
2448 2359
2320 4108
4786 3683
1107 4903
1072 4980
2047 5065
7195 136
2758 7850
6355 7758
3629 3215
3548 2056
4668 4521
436 6862
4154 4154
612 6167
664 7737
2262 5684
6317 4920
230 5597
930 2884
6651 1776
7407 3468
2136 4215
5126 2694
3310 4138
3021 3855
7157 1461
6994 530
6394 2042
251 6826
1915 3802
1979 6283
7409 5744
4812 4894
6381 4063
3865 5227
5734 7502
4730 2492
146 1072
742 7807
2483 777
4900 173
6324 2414
3075 7145
4148 3148
7115 3883
2018 1963
627 5789
2954 628
7893 5957
4718 3441
5790 5413
4697 149
3466 1055
5424 1532
4560 1757
6986 4531
729 4272
4929 6395
1591 4984
2506 3786
6420 5571
6209 2515
744 4345
2824 4423
2864 7159
7826 3868
4187 3962
5243 4173
3206 1663
7579 5730
7594 2152
4954 881
4116 610
1798 4965
5590 5701
2530 1726
4285 1723
3649 3865
6530 7077
2900 1842
2245 2362
5697 4327
5366 6129
7029 7423
598 6242
4090 3114
3998 104
2316 6538
1725 2761
2088 3763
648 153
4775 431
7278 4059
1674 1734
5482 4778
1622 6524
3004 87
4962 6810
1241 5908
4270 2674
5666 3537
3382 3677
1683 5924
5255 839
3133 6190
6674 2670
6710 700
4351 6758
7182 3115
7491 4385
4998 4048
4917 6573
3325 7510
6429 4158
7019 1257
975 5934
7185 4179
4983 5954
4464 3429
5748 3887
2362 2713
7530 412
5318 437
5394 2794
5767 4851
6485 2162
3007 222
6042 717
1840 319
2780 218
1044 5177
1407 3835
2381 7922
1828 7329
6687 7475
3259 4106
2653 4498
5272 1031
1313 5966
4297 6787
3712 3578
680 4417
1342 7838
4204 4453
7933 3930
3332 4918
1724 1868
1319 4706
6462 2868
5029 7427
6599 1814
7811 6688
1998 6368
3461 4343
2672 5389
5708 377
5218 5961
7970 4119
7593 7702
3476 2364
5901 5806
4352 1498
4299 6570
558 6570
2314 7010
1572 5486
208 4310
4916 4218
6070 6732
6297 7474
665 6779
1602 4437
6163 7784
430 6011
489 2127
5113 2266
6790 6532
1206 2511
4073 4186
5693 3612
6810 3460
3078 4525
3426 954
7415 1439
4219 351
315 5634
4166 7712
7444 4766
2876 2719
6770 1845
7591 6161
4932 136
5330 6116
6670 7516
7486 4197
316 3710
5270 2914
118 4101
6693 2315
2868 2327
6087 5406
532 5807
7645 2500
7722 5789
901 4790
1879 526
522 6051
1309 5645
5463 6614
3697 7690
5042 3284
1810 2906
7462 5955
6362 1856
3585 5394
5394 6251
2688 3668
5835 3519
4872 6190
3946 3160
535 1140
6980 4429
7737 3855
7339 1393
5119 738
6343 4448
3309 2861
5352 2936
1907 3057
4890 7973
2975 6996
4602 1506
4560 5256
6217 1916
7982 7336
6655 5465
1752 7266
7010 6010
4062 4827
5142 5373
1905 1551
6839 6822
3223 2616
4837 2462
803 3506
4191 5180
101 5596
7892 6852
5918 2177
3381 6381
6710 7992
4175 680
4210 4552
2008 3805
4384 2960
4168 2808
3412 4006
6826 3620
5784 6207
4722 4310
1568 15
5393 6286
6268 241
7687 4442
2961 7560
6904 3611
6090 6183
323 11
2315 3502
2191 127
1191 7286
3814 7082
1682 6640
583 4195
4825 6024
2486 1768
2832 4880
3031 3106
1612 6874
6203 5354
1107 6885
3002 3149
4753 5436
706 1292
461 2204
2414 1831
3035 5269
7579 3740
5970 5874
5495 7978
5312 732
4634 282
3677 2748
282 3072
638 2784
5145 3135
4683 6752
2530 2315
2931 6785
5493 819
414 5401
6174 6622
4836 7412
908 20
2748 4023
3425 2945
1975 963
1158 2230
5166 1693
1729 625
1144 6923
9 4254
4769 3649
3289 2206
1688 6460
4803 582
232 6191
1607 7979
42 4189
4580 1629
2936 6214
5806 4849
1444 6853
1377 6916
42 3833
4597 5052
3300 5283
3314 1809
1661 6415
2182 4300
2920 6967
85 5199
6418 2788
4560 3158
2773 6806
6857 124
2670 230
4549 5057
881 6506
5331 2570
7035 2713
5981 3881
105 3055
4605 4895
4103 4243
5522 2783
587 1080
274 2517
1156 5761
3682 5799
909 744
6564 2299
70 2976
5136 5177
581 3065
390 7122
5320 4229
6690 7489
7854 4473
2449 1233
5287 213
5028 223
7786 8
99 545
1382 6797
100 7783
698 7451
2012 3873
168 2172
7988 5666
135 3643
5407 3427
57 1092
6636 331
5213 967
3671 1005
390 2525
1829 3731
4907 5998
4848 4218
6944 4242
1279 5533
1988 5110
537 3958
1981 1730
6171 3523
1505 2553
265 2502
4854 2976
7138 1103
5213 6242
887 4093
266 7731
4156 6659
5175 1268
992 7400
3674 7254
2394 3858
3924 2179
4805 1667
7275 377
2157 292
6714 1912
5866 5057
999 5599
1388 3350
3414 5970
3736 4233
2524 734
7955 3511
183 4768
3099 115
3388 7651
5726 268
16 3080
7429 5199
731 2731
6289 3597
3386 7811
4138 735
5300 1802
2292 5926
5744 94
6114 3927
5221 5864
271 6264
5585 955
2763 4388
2350 63
6962 661
7842 974
2820 7523
7478 1758
7856 839
3209 7073
3570 7333
1478 7849
5087 3466
2963 7760
4479 7538
6091 2263
1562 973
5871 4557
6294 4098
4504 3314
3200 6709
7344 3293
3944 4229
162 3547
1714 729
5007 7257
3370 1117
3 1284
7960 3143
1895 7150
2004 2655
4856 6964
924 4542
3127 734
6564 4822
546 6278
7405 626
2532 5437
25 3839
6345 4074
3966 524
5364 4660
5305 2510
1492 610
197 3751
3732 4417
5196 5031
3218 582
5628 4884
1043 4917
5470 2598
4853 4481
3491 1942
6245 309
3776 6105
6801 2898
5052 4327
4768 2618
2632 4096
2849 2381
5262 6321
2498 1681
3276 3347
2563 3927
6819 2454
1834 6043
5931 4860
2551 6573
6474 4264
154 782
6469 4633
1060 6237
4822 4018
3004 7667
7166 5692
7891 1035
28 2733
7514 102
4799 7211
4722 7853
5049 4556
3619 5785
3124 736
914 16
777 3441
7533 2768
399 1033
2793 7889
3761 3253
1454 7846
6212 2505
7184 4133
1239 4644
2 5575
1803 7157
6278 338
1509 6270
3816 1781
2785 280
3500 4467
5769 3704
5253 5379
2887 304
5192 6775
5304 5305
3103 3165
6401 2671
5442 1123
3814 5021
6947 2430
3352 7419
4265 779
335 7989
1440 6711
601 1710
4015 1629
6386 3525
1482 4463
6740 3607
1896 7703
3216 453
2232 670
5086 3255
3664 268
1778 2144
3238 6801
4303 388
3394 7395
2464 7416
4339 3689
5125 2474
7682 4632
43 993
7524 3676
7327 3333
1459 3833
2212 289
4255 2610
1411 7784
1761 1258
866 6838
3057 7561
536 153
3129 7521
6848 6032
4425 6865
7628 2642
2636 6954
5724 4434
1211 7569
1040 4034
720 2212
6874 5718
5886 1505
3543 7178
863 7363
5919 4006
5422 4781
2650 1729
3382 2380
2006 4164
5514 2361
7639 752
2999 4892
6894 4258
2743 5271
526 5654
3431 5474
7194 6955
6204 1842
4674 6054
4081 2976
7184 7096
3715 4807
2110 3524
3745 5550
1867 5148
414 5799
14 6731
106 2934
2121 5721
1920 5110
2689 138
7329 5369
3341 7528
3584 5615
7022 5954
6207 1609
3550 565
7386 3485
3563 3946
7330 3725
7302 3936
1838 5539
3095 5740
973 1152
5844 318
4606 4918
7762 4517
1060 306
1819 5974
6772 4318
5056 5353
4785 5893
4081 484
2714 633
522 4028
162 5489
1520 5721
7328 3447
4253 2330
7368 3970
4216 857
1498 7262
7465 5360
793 277
4843 7675
1343 648
4579 7648
4271 7582
944 3469
1579 1569
6915 2497
1479 7780
3441 5774
5725 5353
646 6749
5507 5699
7261 3762
1658 3448
2541 6321
7912 4393
5734 6562
5705 5109
1341 5937
3105 2778
5251 2681
693 349
2301 3009
506 3117
6320 5447
4238 7363
5691 2173
6054 5004
105 466
5448 6282
1991 2290
5178 888
7219 1872
6330 6636
1654 4707
1711 2242
3988 3054
5600 4535
4193 6149
3684 6675
6357 1101
2905 1547
1827 7939
4889 7205
3591 2176
6826 2077
2142 315
5173 7112
6971 5391
826 439
5623 7678
193 2782
2312 375
6676 1653
7894 2196
1131 7519
7626 3943
1832 714
5287 1078
6340 3670
7197 2948
586 5113
6811 5138
1859 5538
230 1446
1329 2460
4840 5195
7103 1398
3722 2969
3129 1505
1732 1591
185 4761
372 4957
4257 711
7790 3551
1488 1959
7508 2919
7886 3174
4070 1665
7178 7758
1947 4446
7111 1380
7920 2065
2514 5905
192 478
4535 1857
7061 4468
1396 5705
6718 440
3950 7820
4385 3780
5091 4447
3283 3696
1184 4779
7782 4496
3828 5715
2946 573
1508 7383
1271 25
4640 6009
6802 1549
3766 5982
7023 7893
70 4470
2189 767
4278 2591
4072 47
1126 3399
3459 7271
3303 7953
1604 7621
4647 5243
2692 6861
688 4157
5095 5737
1683 4532
6505 6446
3294 6655
1018 4321
4886 298
3724 2554
3745 3081
3946 5864
6018 3431
75 2644
4362 6689
679 5034
1229 7756
3593 3350
4884 1822
6310 6795
593 1419
1965 3210
7960 7854
4703 673
5579 7851
4129 2034
6614 7314
7823 7669
6173 7047
2580 896
4851 1248
7479 582
1613 5327
7160 159
2230 3073
2396 2951
7236 198
2949 424
4362 4593
3525 2332
5263 2306
7156 7981
5055 2818
6081 4064
4449 5103
6597 883
6089 4633
5662 5346
7823 1612
7546 4720
3391 5807
7858 419
4690 3052
4634 5521
542 4625
726 538
1801 567
6894 950
5763 6625
4581 7345
4917 2342
7623 307
1460 1811
7746 2565
5563 6923
1078 3473
4632 3120
5455 1577
1253 519
3603 3403
762 2902
6263 1764
3041 6353
375 338
2570 6966
2982 1966
4864 7094
1794 650
2716 21
971 4407
5753 2387
2261 6475
3047 5452
2973 6496
7204 3485
5081 4128
5960 1416
2194 7872
7743 2970
1270 4555
4604 7114
2729 2849
1260 1573
4189 7167
6441 2472
7138 3969
5297 557
7167 3556
5334 7371
2753 1873
503 5495
7699 4759
366 6127
1295 3961
651 5912
660 2856
6594 6309
5529 4305
1824 4348
4225 730
515 1876
6767 7273
779 802
347 5095
2252 4788
6629 7171
325 4445
1194 6137
1814 4498
1366 1748
493 724
4729 4273
4866 1295
4572 6343
6724 642
2261 5988
7955 4449
7705 2041
6767 376
4690 3545
2929 3280
1457 3710
3832 1046
3782 7949
4967 4730
2765 3419
910 4374
7371 7151
4581 784
5146 6666
576 3265
66 4132
3071 5143
1289 4153
6277 2423
5259 3140
556 7463
7117 3275
631 4972
14 7195
4553 2991
6111 7317
6292 4645
1589 6377
2963 3759
3261 6370
1212 5375
5743 6435
2544 2877
5414 3184
310 5673
5295 6959
5927 2689
5279 6576
4779 3941
618 3884
6435 2489
3506 2250
4712 3979
5789 2920
7605 5942
4714 5015
4448 6790
6341 3175
7887 2076
4697 870
4776 6740
7141 4323
5129 1510
1106 3255
7546 6794
7428 4871
7775 2400
5615 3651
2227 1166
7788 2290
625 7019
331 6322
5012 2908
7083 250
3906 5436
3081 5411
7108 7362
6550 7399
3386 285
3852 3880
1421 5027
1985 4788
6564 7403
893 2183
5339 119
4041 6545
817 4951
5192 2938
384 3785
3530 7332
3315 2853
4767 4400
1651 4089
681 2435
5986 6576
3189 7178
4108 1720
5708 3579
2395 611
1284 7902
6538 1102
7644 7053
1499 2433
4169 1976
5261 7063
1418 5867
584 7263
5442 7892
732 2433
4103 1919
3049 677
2423 2341
1759 6608
7883 7269
5226 6480
3758 5329
5990 2267
1871 7724
5593 6131
7925 5938
1249 268
7890 921
2091 1265
3356 4567
2662 1188
7256 1188
2296 1157
2039 6721
7279 7477
742 1657
6778 3130
7073 6375
5081 6117
1864 3320
82 4979
1076 6258
6246 5746
7499 565
5507 37
5778 7106
4667 6568
1987 121
3509 6551
6624 2599
6946 7533
390 1087
3443 7721
3013 6184
7177 5046
175 6840
6318 650
5103 64
2754 6799
7132 1416
2104 6721
5006 6811
5954 4375
6321 3143
841 5669
3479 1182
98 7105
7571 2752
5373 7845
7619 1757
7328 3796
6765 6901
6484 6784
206 6946
3103 4012
2158 7705
7218 3662
824 1453
6946 2295
5385 5524
3740 6517
5703 4142
7445 2105
1204 7619
2625 6901
5955 6093
3333 3464
7466 2358
7598 3293
7608 7586
995 4624
3049 1904
7320 4243
4343 957
517 4369
2484 4778
23 7377
4182 544
5989 2332
82 5201
7013 3490
108 3584
7904 3802
6285 451
739 6825
2326 7431
120 5765
5684 6102
2644 1818
1396 5717
5522 3756
1561 5265
2336 2495
5292 379
3641 5940
1172 7088
3027 1716
3494 7550
4505 145
7102 1892
2587 6763
7631 7322
6917 7377
6583 3857
6093 4009
4375 2748
1265 7506
7969 7887
7393 1159
1202 3335
2296 967
1315 5418
4913 3955
1947 5776
280 1719
743 7010
190 5996
588 5026
1201 61
2907 3116
4332 4873
2695 1531
7498 2249
3700 2094
5505 7859
1872 6028
3532 3806
6758 4871
5289 7014
2928 4669
3589 6098
365 3908
3893 2612
7284 3239
614 2001
2760 7596
3927 7042
2028 473
5189 4506
3385 7414
5351 585
749 2003
3676 3969
390 205
6370 6743
3856 1870
1544 7979
6075 1235
870 1739
5296 2354
2635 6805
5349 1563
1975 6812
303 2910
1291 3149
7832 7917
5373 1299
1074 6499
6736 4087
7275 5958
3204 2956
4705 7945
3401 6410
2615 7254
4666 6009
7528 7690
1800 2129
3291 6592
5172 7519
6776 338
2434 1706
955 7453
682 6999
7110 5381
1936 3146
4348 2745
6134 1742
4939 3320
5937 7863
7369 7701
4889 3717
835 4727
7557 7052
5841 1571
7351 466
5422 7486
1235 6521
1607 717
150 2654
146 512
4484 7552
1953 7727
4642 4389
6583 1955
5606 4857
7130 3160
748 7737
938 641
6570 4239
1200 1933
7334 6462
6778 1705
6758 5825
5287 2182
7785 1199
2494 4380
5268 226
3844 2607
3503 1688
3917 3665
81 5337
5330 7528
281 2139
5508 7537
3487 5474
7904 4421
1387 3051
5636 6811
5284 971
6593 399
4427 7380
5489 3937
5161 6584
5642 7169
2629 7473
1012 6730
3483 4064
6040 7244
2826 500
6010 2446
2637 4429
7432 2323
6764 5281
5811 2013
307 7199
3837 2928
2212 2835
723 7832
5481 3786
4382 4973
460 6006
1429 4822
682 2451
6741 1292
3621 5899
3699 7328
2330 6360
5905 3008
5395 936
4143 4982
3005 3333
2436 945
412 2549
4813 2568
765 1183
7270 892
5804 3056
2519 6846
7464 5501
7088 1969
5972 7850
88 1072
2095 7178
546 1619
198 6535
6497 6318
4073 5317
1982 5403
7131 7170
4935 6650
2765 5249
4618 5877
5070 1895
3427 329
1596 1637
5074 2881
3710 4439
4944 7493
373 7148
1060 6612
7535 3336
3761 1550
1118 2214
1170 7029
5001 386
4520 2740
6914 1270
5683 2657
7960 3299
3552 4799
2061 5330
2402 2951
4107 4955
7364 104
7890 2118
6718 7756
757 2865
3846 6365
966 5745
3176 3399
3791 1084
6489 2432
3394 5959
2825 3270
1779 4779
2551 872
5061 5709
649 4872
2658 7422
3164 4575
1520 2592
4505 130
5120 3851
7689 2147
3656 5679
7978 4634
6867 3962
1090 6246
7607 6844
7347 302
200 7816
1872 2701
7243 4254
1263 654
301 7368
5951 4276
885 194
3740 6590
5176 4061
2017 7208
3980 7205
4030 629
126 5378
2058 2860
1096 6108
5658 1185
189 3395
4754 757
5703 333
635 4384
3731 5057
7126 2734
1291 6899
2224 840
3077 4465
4279 4021
2106 3102
2124 4897
5369 733
921 3420
1692 2289
2341 357
1084 4002
6693 2281
6753 6434
3798 2695
6012 7024
4808 1174
793 7805
2557 7593
2575 4301
3250 6289
2490 801
765 420
3691 6931
4696 7229
2141 7041
2621 6340
1515 2861
2675 1904
3457 5860
6887 1994
1040 6238
1214 5747
3591 358
4586 872
6718 6010
3963 7109
1268 1781
4792 2568
251 3307
495 2520
5938 4373
5129 7430
2484 6702
7009 6418
3791 5340
1751 7537
7544 2707
6048 3533
2172 3895
5728 2318
4922 3840
4474 2968
3792 483
5990 5716
3347 1007
4613 7988
7491 181
370 6769
5822 1451
2266 5847
1715 7954
3341 4356
5082 407
4501 1773
4706 2103
6342 3041
3435 2471
3094 7122
7862 627
3247 1553
5338 6373
4675 4953
3960 5480
5792 2511
5424 4845
4036 840
7637 4366
4018 6796
7583 2354
1861 6170
2272 1328
6661 1003
1338 5623
7928 3451
4494 4589
7162 3846
7415 7254
5328 5199
185 2872
5946 7655
5556 5052
4167 6508
1182 664
5549 1744
4271 5227
1369 2588
7006 2728
1092 6708
6541 3447
3335 3996
2689 4632
3440 4603
3604 5770
4245 1439
3758 5611
3560 6210
2545 4512
4300 2892
3956 5751
2343 6936
1203 5515
2361 6587
4420 5353
7916 4738
4557 1904
236 4028
3125 4606
1656 4985
6296 6473
5818 7312
5183 7306
1236 5799
2319 2401
7099 6958
5248 2421
6216 2349
7569 3675
1356 5120
7547 6137
7588 5919
5731 2923
1038 2979
467 6245
7867 6854
2411 4186
3302 1387
4948 6685
3747 286
2870 3398
7483 7836
2795 3352
4855 7574
7859 4128
507 7602
4329 4832
4437 5459
3701 3629
1942 4442
5060 6870
1697 4461
6773 6
3137 6391
4757 6060
512 6383
4558 7385
2165 350
5851 809
5661 5211
2623 2341
6381 4377
1463 7848
4199 1572
4781 961
172 2472
5998 2457
5713 3059
7966 6998
7092 3516
6763 7934
4817 5347
7039 6048
4112 250
5818 943
4833 7173
5087 5745
4875 5950
6093 2711
5249 5788
4274 3822
439 2517
59 1334
3123 5986
7247 1423
1959 1346
7100 93
894 6977
5105 1508
4853 4986
5615 6260
3820 219
698 2507
445 4520
1812 5303
908 2947
619 315
2783 490
2002 948
1776 4353
3630 124
6017 466
1586 2511
5616 2386
77 2924
2635 165
7073 382
2405 6117
4344 1532
2730 5215
5426 5390
6063 5663
1090 3121
5966 3694
2266 3100
2160 3352
7268 5604
107 1779
4787 5981
2959 3996
4409 6658
6267 7556
6778 4823
1781 3180
3904 1996
698 2092
2961 3557
83 2170
6558 2584
4073 1897
2045 7478
7706 5488
3610 4174
4557 7725
6185 7183
3842 4777
6622 7340
813 158
225 4677
5316 1334
7932 7043
1111 2134
5655 7811
672 6939
1191 4088
6683 6564
1442 2890
4183 1040
4470 579
2253 7369
5242 7916
3058 2241
4069 4339
5896 1595
2430 6928
7481 5518
7507 1320
2214 1253
1198 6514
4477 1291
3525 984
393 7013
3313 5728
3535 2368
7265 5835
342 1934
2640 6334
6342 746
3700 991
7861 1956
3321 7682
5693 1977
4077 6213
3282 1058
2493 7608
7250 2321
160 129
5598 567
2962 6271
3881 1609
7172 4462
6990 644
7506 5707
999 430
4533 7672
3611 5023
2810 7393
5239 6273
6386 7840
5376 6548
428 2462
7688 437
3296 5884
2944 3935
4909 689
2445 5746
4806 948
6622 115
7720 7964
2812 5205
7951 5189
5539 1207
1257 4407
4816 6509
1547 5826
1819 4419
803 1260
4359 127
2733 1039
6104 295
5354 4732
6628 3
5774 6052
2221 356
4537 1849
1902 1829
6633 6160
5364 3377
1774 650
3759 3333
2270 5299
2953 4600
4169 4074
5238 1656
3568 962
6541 214
3249 41
470 1989
2822 1735
4260 606
4271 5225
101 5608
3629 1631
2295 6871
5617 5474
2045 5010
5332 6587
5682 2105
3528 864
2174 2599
6031 223
3975 3188
5995 4608
650 7551
6293 229
1770 4266
4145 3382
4808 4389
2818 5691
3795 112
795 6281
2594 5275
7574 1057
4864 7953
1095 405
5958 5844
1651 5356
6384 714
4670 2312
1257 3385
1827 3270
7272 3663
1832 6886
3903 7333
912 4396
4657 5060
530 5126
6661 5481
202 7278
216 5317
6767 2898
2487 2056
6789 6707
1069 607
1875 4619
5786 3195
664 7794
3077 4821
4986 3266
7604 4911
2687 4538
6393 4764
1727 1184
2446 1986
25 2090
4644 5535
1958 4127
4601 5514
939 4282
6825 3452
7891 5647
1606 3534
6876 240
4522 2692
7248 5330
5068 139
7287 1644
4306 5503
4043 6752
2022 6768
7148 7837
3148 1638
6997 4996
1011 738
2127 6666
1930 5223
676 3101
2260 5497
2135 6858
3967 3621
402 2078
1330 577
6688 7051
2725 2485
6812 4942
3637 1275
6506 1295
3448 354
3428 2761
4302 1561
7511 7338
1528 7594
944 573
5933 6725
945 6022
1259 4415
3752 557
2060 3866
162 223
7769 3847
2588 3826
5410 105
2938 7048
7055 3804
6780 2101
6769 5430
4781 1124
1948 397
6621 6006
3449 2169
3410 1453
343 6810
5051 9
7106 4189
6885 2736
1815 5116
1137 3987
6102 2564
6278 5647
2041 4571
259 2513
7044 4033
760 510
2846 2390
7317 2002
2271 7325
162 7303
3882 1471
7729 2488
957 275
4562 5830
7494 284
5445 6971
185 7571
7029 5613
6431 167
1827 613
5937 3139
3104 257
4133 6799
2623 5207
4808 3769
1738 3227
6797 7989
2740 6403
7973 4930
5263 6248
1999 5040
3711 1136
2930 3359
2223 6506
1577 7497
5890 6137
6430 5827
2764 7861
5978 2239
579 462
3803 854
1968 7155
103 2116
3178 1586
7457 2740
5125 7008
2778 5695
7047 3963
2857 5935
6491 2318
1854 1928
5770 3477
1843 2953
1830 5090
3108 7791
1673 6655
2945 6011
5054 213
4769 6069
1661 5452
2586 369
1885 6324
3534 4561
6853 6052
2055 3851
4835 2848
5127 3756
6305 3072
5209 7453
2453 143
6508 5158
1144 2098
5793 6448
5722 1034
3555 5455
6484 539
5175 255
2109 1453
7764 6574
673 3890
5556 507
4782 5098
2283 5438
4785 7556
3896 4808
6849 1030
3418 44
1914 686
1316 3454
3374 2521
6548 1114
1622 5733
4449 2920
5967 851
4755 6367
5571 6319
3799 3080
229 3570
3539 5893
6945 6375
5751 1809
3602 2957
7637 777
118 5437
4658 2092
2400 1548
5021 5279
109 6579
7039 5428
5689 3245
6516 4267
4755 2529
1561 57
3438 5505
1830 7433
2969 2098
7422 1793
6129 6637
7685 6918
1109 2021
6066 7042
3866 7722
1573 2341
2816 205
4218 1385
2341 4101
5150 4763
953 3601
97 471
434 7647
653 2067
1793 3949
2039 6174
3908 1518
3411 3882
2685 2159
5197 457
6595 4154
7829 7924
439 4858
4666 7249
6586 2081
6714 1270
4573 1735
7000 2665
5913 2707
1456 3497
4801 7967
5832 4147
4020 6551
2919 1854
5399 994
3882 4104
5314 1925
3668 1044
4282 4676
934 1715
7456 3658
4591 900
3239 1482
7270 1527
332 5671
3318 4822
5057 81
5209 6213
7914 5426
7336 4104
7947 6024
3826 3527
1281 3155
2763 6414
6705 3377
2982 3096
7743 3272
6886 7693
1792 4516
4850 6793
6513 4257
2504 4831
5609 4108
1683 4190
6796 3333
1279 6674
3778 4327
7372 5582
6119 5163
2273 4905
6980 3338
7716 711
6143 7330
1799 5082
6286 1627
2788 7208
881 6922
6605 782
1953 214
477 2437
3779 665
4691 228
3554 7177
3809 6438
284 3543
1919 7854
4060 3287
1605 5960
648 3746
7481 498
6459 4728
4774 4827
693 2858
6702 1322
337 4919
5920 2626
2040 4854
5773 4356
2389 3124
5528 6806
5832 5085
2445 6755
1183 6304
7604 2787
6850 2702
3877 3997
2797 6851
1437 7786
7268 1993
2898 3259
6689 633
6980 3742
4818 4067
213 4348
5377 4912
2330 4711
4116 390
4082 6034
7734 5356
6231 5217
1941 2351
6258 7332
4238 5380
6516 3230
7525 4526
6626 3402
2618 5347
3568 1312
2488 6442
3026 7956
7760 3335
2191 2719
2854 5722
855 6275
3081 4997
6486 6281
3945 4813
3081 7182
4164 3587
4689 1149
5218 6627
2501 414
5250 5244
2701 3408
724 1617
4717 786
1833 5375
4190 713
2599 4385
5347 7293
577 1201
6938 5092
6182 3248
3665 5155
5945 1095
2972 850
4930 1198
3236 191
7395 3021
5570 182
6029 737
5581 7680
1267 4066
1584 3882
3967 1187
4095 3528
6020 761
2635 6840
4341 2783
6515 555
3860 3417
4094 4642
4845 4184
5799 3254
2307 3102
6008 3099
2507 2914
5402 2405
7256 7094
4268 6732
2711 4135
2962 4652
124 7589
2960 3728
3708 5283
6231 4847
3709 2881
1886 4919
3978 1193
7413 2890
1996 2422
7255 1862
630 5532
7294 2122
4671 2500
315 6774
341 4278
69 6961
7888 1020
2706 2033
2404 2116
4900 2423
2972 7239
358 7384
2179 2408
6327 707
1380 6879
3654 2560
630 1174
5855 7222
3600 979
132 368
3043 3096
3328 5216
5223 1672
7608 5349
5846 5386
6403 137
345 4594
3387 7054
127 3679
2580 7850
6901 7647
1261 6288
7411 6234
4709 5489
7347 7277
1840 4419
6759 1877
3370 7873
1259 7119
4971 5811
5817 7933
6107 7471
3740 2636
1031 1952
7335 660
5237 5318
7142 4863
5237 4222
7637 6766
505 6404
4432 792
3431 1142
2571 5108
2923 2778
7107 218
3346 99
2932 869
1941 368
5517 475
7986 4950
2913 208
7618 3807
1439 7943
6918 7314
6340 4635
451 7605
7823 7581
4304 1297
5621 6015
2669 6709
2327 3249
86 6205
177 2505
856 468
20 40
7588 2232
7574 7451
4066 3710
6344 1727
5511 597
2920 4137
2474 4430
7704 6980
2963 4956
7887 4860
7381 3673
6927 2843
4255 7434
6295 5426
1293 804
5273 1915
580 6991
558 6716
7485 1577
6089 6639
1633 4878
4073 1375
6295 5911
2707 1749
1625 736
3712 4340
3790 4303
2131 6754
1556 402
1166 6952
5019 103
1284 2268
4346 7266
5010 4605
4732 427
2890 1758
6075 7814
560 3655
5425 471
2985 7768
2378 5797
1968 6191
5950 926
3147 3084
1565 1499
6269 1139
3756 2790
510 3154
4911 3641
3368 5220
2759 6665
7411 1749
4734 835
3811 7783
865 6998
64 5268
718 4145
199 117
3405 7566
863 1058
35 1199
3150 3547
1317 679
1389 2982
6475 1245
2905 1402
7237 397
300 2396
2450 4687
5484 7304
4942 7772
4226 2834
7243 7566
173 5325
3492 1639
4151 556
1358 2517
5416 935
240 52
2811 6817
5109 2517
6030 5191
3167 5886
2653 4603
2398 4658
2673 498
4705 306
2965 474
3500 387
1098 4993
6571 562
7099 3506
2566 6550
5811 4641
5621 4117
3342 5768
7062 6441
4910 4435
6268 6628
4015 7162
3466 7346
6236 7148
4993 1503
995 7476
3671 4248
710 4567
6025 7606
2708 4027
1330 632
4376 2895
6811 4240
4304 7142
1685 1314
2848 5413
2053 3976
3144 5216
4416 7897
6164 4544
3672 1195
3474 1320
7349 7638
6345 6232
3495 507
2728 7057
6266 4485
2749 505
1419 4719
7463 5058
6043 5511
3982 5447
1826 7281
17 5494
5413 302
7744 5940
395 2911
12 3069
5997 516
2939 907
2412 1162
4897 6650
327 837
3403 4713
5613 7546
7037 7523
3535 1184
5279 5055
1146 5287
4595 6148
5732 5562
1866 6097
1540 7105
6200 6908
1255 4459
6725 250
7233 5930
5861 2751
2177 959
1642 5030
3048 3639
7993 2898
4506 7030
4539 3798
4597 6899
980 1682
355 1220
5785 4511
2347 2396
6845 4142
1869 5585
4301 4651
5901 7331
3486 424
4815 7739
3139 2935
4708 4848
5443 1431
2404 7055
394 4436
1021 5020
2334 6184
138 5204
4053 6182
2471 7093
1669 7960
4292 3328
7869 5543
6457 2046
6386 1084
4185 769
4860 6949
2762 3948
6787 1722
1620 118
307 7232
6583 1642
3192 7629
578 4146
6822 4845
6433 5206
1911 2373
3319 128
5691 4022
6893 1218
6859 2501
4873 1562
4607 4024
3010 5876
801 259
6418 3312
6113 2723
3406 7526
841 7883
5811 295
308 6974
705 902
3259 2044
5452 6039
2097 1760
6992 4919
5648 1097
3333 1101
3314 4152
7667 6799
5317 4345
6472 1351
2937 7878
1704 3287
1019 4392
6916 442
5863 543
7854 2510
313 2756
7531 2127
3781 2861
1098 614
5481 4881
6197 5218
1215 5292
7814 5509
3543 5477
92 5186
2276 7471
1645 773
3445 1261
2077 7924
4135 2265
400 1588
729 5414
573 304
3041 1700
6277 6230
2301 3749
4738 6753
141 2910
1250 7262
6207 5967
2998 617
6922 4711
7494 7992
287 5410
6888 156
1372 1588
2192 323
4 5738
1770 7488
6700 4623
2150 3855
502 7948
7636 6163
1219 4436
2800 5475
7717 5247
319 2757
6803 1845
5467 5881
6625 5646
5578 5562
4655 695
4566 7360
7456 6872
2649 4681
1486 7476
1368 5273
4923 1616
210 6912
1483 7575
5848 6491
2929 637
286 6493
7144 5091
339 3535
2595 5434
1326 3414
5894 44
649 4277
6550 311
6451 2194
5422 3611
833 3965
6389 5239
7652 1774
6028 6767
3265 7118
5452 1040
6076 3258
6767 2167
7446 1283
5709 3055
4410 1529
5835 4825
7826 41
5967 5905
7519 6884
5366 7886
5705 4034
4170 3658
2099 6375
2478 419
5715 7557
5340 6786
5505 98
6098 762
7310 2076
4999 2675
1750 4266
6820 7431
6041 3620
1137 1388
2374 6150
5773 5588
473 49
7523 4369
4327 6578
7129 1981
119 4935
330 4249
3028 7071
5623 7604
544 98
5177 4814
7979 6065
4795 7294
6725 2607
2405 1617
4176 1472
4699 5044
1113 272
1384 2452
2984 2328
2805 3331
7957 2844
6911 2462
3742 6009
6664 7853
4023 157
3404 650
2529 3607
2998 7814
6334 6289
6100 264
1956 6874
7497 4087
7856 1129
4673 6106
4124 7647
6698 3390
1428 1037
1250 344
6918 3126
4907 1708
2873 6294
7590 174
2079 2723
6271 1894
3117 4114
1765 7193
3690 157
5885 3749
7494 3972
3991 5421
7982 338
3297 5046
4061 4193
1498 7633
3701 6880
4106 1339
14 1172
1329 4033
5646 2717
5821 3943
4346 763
3391 3083
1227 5968
416 3334
3845 7847
3920 3603
5124 2742
4992 691
6104 5920
2257 719
1874 574
844 416
159 7455
1427 1228
5653 1741
7383 6801
1548 3539
2188 6503
3055 4732
474 7649
7443 6428
3030 6677
6599 4053
5168 3452
364 5523
7342 7580
4166 1753
537 5348
5972 1664
1910 1879
4701 1724
3831 3884
4044 1442
6579 373
3837 7719
276 7936
920 2155
6799 4091
6558 5238
2650 7963
4673 5697
5017 6846
4409 4344
2969 2510
212 318
6784 5225
5262 3442
4868 7040
5409 5936
1436 4733
6878 3675
3636 3241
6397 90
6693 5644
7025 4577
1252 4822
5888 7602
1529 5501
6610 6051
7988 2088
5896 5793
2203 6860
3215 2677
3494 2389
244 7110
5615 6279
7354 6496
5668 3813
5481 2227
3391 1490
4970 4127
696 6134
5585 1326
3576 6883
7418 7586
7506 696
5527 4466
2606 262
3080 1295
3077 4786
940 2283
5652 1754
3384 7548
4618 2172
646 254
6788 3667
5999 5559
7996 5506
2203 5118
2301 4214
3352 1278
3803 456
938 1336
6112 6496
2786 5703
585 1056
4146 7400
6067 3328
7424 5049
7568 3573
6777 6785
3230 4568
360 4785
7770 1284
135 3689
7601 2304
1877 7998
7991 1758
1448 7867
1755 6050
901 4389
7515 295
302 5636
3828 3519
4411 2526
4125 1242
3628 7366
3508 937
2942 4566
2233 3778
5564 376
4282 5383
2328 4395
7246 194
1402 7683
7622 6996
6168 4850
7265 335
3335 327
5887 7200
849 52
3800 2673
1671 468
4398 4173
6040 3436
896 6342
2467 6514
3137 4500
5450 5195
7112 4862
4168 6873
7945 4990
1668 5429
6532 4512
6502 6969
2108 363
6185 1474
7403 3331
5169 5492
3892 6030
3360 6014
409 5526
7076 3295
174 3822
3858 5673
5966 7129
7673 6148
4172 3111
6960 247
5612 3361
1010 7523
2644 7655
7276 720
2109 4184
3411 6764
430 2610
4475 5457
5483 3386
5414 3911
7850 6943
1114 6410
710 2330
566 5453
503 24
7941 6270
4866 1691
6164 4108
7021 7774
6081 5799
6390 3704
2709 2311
900 3138
5907 239
4126 7484
6225 179
7835 2733
647 4536
1690 6538
6054 123
7282 281
7915 1940
7788 1814
755 3772
2288 2838
6737 3726
1086 4330
1630 3082
6175 7494
2512 607
5018 5347
7118 6378
7018 5025
6531 2490
7472 1329
6834 7958
7142 4786
5129 6849
404 2778
3832 2492
7942 7320
6787 2829
7101 6007
1302 7423
1573 1606
90 6890
6599 7542
2117 948
5504 4931
1014 7256
5298 5783
4929 1382
4857 3563
3399 2059
2336 7599
5771 2707
3157 44
4416 2284
7707 6183
1575 4141
5631 2825
5847 726
909 2302
6877 26
3843 219
5447 7898
5702 2179
316 1588
7956 7755
3791 1020
4346 28
2899 1481
2631 5721
6448 5044
704 6274
5622 2972
5333 1625
2098 7534
7124 3203
2239 7139
3037 3312
4127 5257
4822 3838
5834 6855
416 859
4166 2651
2953 3626
2872 2343
3203 5417
4346 1068
4565 5200
878 1813
6416 7292
5329 3575
2181 716
5139 1815
6837 4684
5990 6253
6857 3281
7509 7463
6659 4259
6103 5489
5813 4386
5604 5748
4464 2082
7751 5468
2752 7385
6260 5791
4758 3003
669 123
7686 355
6464 5439
1907 2229
3843 6348
1607 65
1922 4317
5095 4459
3816 3845
5414 1801
3260 1080
7224 2253
2942 2829
5866 5220
4019 5890
529 3358
6653 6529
2240 4366
7662 6625
1662 4660
670 4784
4472 4953
4219 4784
7346 315
7393 5343
3075 106
7339 6652
3970 2354
72 582
2108 5370
7889 327
7272 236
2457 4689
348 3734
4742 6152
3968 2577
96 416
7684 2976
3496 5160
7950 3802
4331 6920
7414 2572
3287 4934
5174 3929
4236 1935
3740 2467
630 6709
3586 175
667 5812
576 3715
7664 953
7136 1235
5617 2341
2771 6365
176 6670
4962 18
302 2054
6951 6134
3880 865
6524 5641
3635 945
7860 3879
7563 1876
5449 7597
6505 2417
2326 3997
4947 2430
3462 708
440 3270
397 3161
2940 5929
4118 2409
849 5540
5500 7537
6151 3538
3388 2508
4645 2675
4394 7246
4728 5293
7588 6511
1067 6800
6597 4076
2136 2142
922 6954
5342 6155
4058 7836
5492 7553
4369 7848
4924 3943
7710 6725
7388 3747
1886 1896
6281 1501
872 6175
2724 2886
5947 2813
1930 6106
6452 6647
6566 4578
1477 6286
5578 5564
546 366
1791 2782
5885 6487
3353 7449
4597 1914
5902 3675
7818 2598
199 6648
6421 7779
4408 746
4150 7518
7469 7254
5325 3143
294 4688
301 6904
7973 7074
3021 7767
4357 5321
1281 3901
6669 5249
1705 4056
3333 4738
4201 6989
4233 5579
5465 7906
7195 3422
573 3228
3774 5708
5943 36
704 7282
251 5359
7831 7108
708 3486
1199 265
389 2787
6979 7079
483 4070
7275 2977
7265 5031
4084 1374
796 7140
6454 2860
1272 2429
802 3780
4634 6998
1435 1936
7703 4093
6023 4330
1965 6477
6885 2407
7025 1426
7329 5524
1673 7149
3877 1663
2459 1338
2099 122
3269 4337
881 3931
6287 7498
1923 6023
94 7205
3615 4080
2410 1128
7901 5789
5682 1962
3470 1002
7918 4752
4175 4943
7621 7221
5086 7461
448 6416
3564 6757
2110 1552
6963 1971
7338 1163
3913 604
7083 4568
3702 4380
7642 1145
387 4772
5113 3134
6035 4698
1314 4517
1846 7008
4733 2182
4796 729
4342 1583
4871 4457
1839 7883
7140 3709
6129 1736
3420 3468
7657 504
5637 5660
7889 4408
5342 1415
812 4688
219 2303
374 667
6846 2704
5787 4968
1767 6757
935 6047
3821 782
1342 2856
3181 6336
5581 2952
6498 3870
3776 1165
6391 6902
3317 301
6041 7631
6001 6058
3151 6626
4242 2425
782 2790
6853 6946
1480 528
5305 4906
7622 5531
340 5040
5878 3205
292 2133
5382 4378
4696 2207
5489 4788
4080 864
857 643
6130 3410
1751 330
5279 3206
975 106
7909 6526
1671 419
7446 2839
121 3352
5849 5738
1510 1362
2848 1717
174 2568
4505 3254
1950 2462
4777 4952
7881 3755
7318 6417
7962 4543
3523 7243
6312 805
5922 6082
4171 6501
5029 2413
7343 5901
4021 224
2918 3249
3815 497
7619 4401
7660 1434
3812 4922
456 2078
3535 3280
7749 4719
1217 6090
1768 656
4162 7582
2532 5495
765 542
14 2549
6415 451
5841 6040
6430 1770
675 4689
6636 1308
1911 7378
4907 1170
4148 1338
6419 376
4903 2996
5043 3186
3252 7452
4996 2909
5907 2148
1028 471
505 823
642 1281
5587 4700
2933 1987
1658 6556
7249 1105
1380 4455
92 7597
6103 1716
4542 7982
164 1128
152 7743
3665 6457
3927 874
3351 4627
329 6679
1358 4858
1199 4751
7909 7218
7571 198
5910 5788
7196 5849
4249 4001
6943 5524
5016 7315
1784 5111
1444 4498
4122 6138
7142 7917
6243 2574
4696 3786
3060 6182
5877 6472
6975 2230
2285 6114
4513 1786
94 4119
3315 7675
3072 7624
7899 6734
31 2593
4200 5789
3023 7227
479 2602
4571 897
1103 6416
6142 3986
5100 460
1046 7527
6425 1469
3029 5110
2183 4136
2554 4246
1854 4031
5695 6435
7353 1635
7508 1892
2487 7655
7245 1707
6543 1367
2520 4349
4612 121
5489 4787
5657 3154
2137 1312
6951 4460
2052 7732
3564 791
849 2145
1702 4910
5568 1980
4256 3867
6560 7909
3981 3357
2054 7530
1427 1289
1540 3881
7209 7951
601 5557
1892 3135
5798 1467
590 3276
6561 3174
3897 6223
6989 1215
3922 1615
4970 3609
5049 7231
7209 4460
656 392
994 2560
5267 1225
1865 2381
3047 4252
6175 7328
3829 7900
4197 1216
4792 2532
2902 5202
6677 7833
2197 1210
684 6762
549 7875
3500 2454
4696 3713
2667 495
906 628
6454 1118
6478 3696
613 7912
7273 2939
2675 5871
4414 439
5645 4156
714 5249
1193 6715
1682 5464
3865 3975
5017 1602
96 424
4245 491
4804 5787
1764 6608
2404 1681
1276 6491
3340 825
3488 4431
967 706
1050 4135
5876 7388
4005 1786
1757 7359
5098 738
7683 495
7150 7581
5118 3262
4297 435
1732 3858
2842 3034
7559 5481
6137 6550
6532 6041
6317 6116
2264 6685
2847 4121
854 13
847 6023
7704 4717
3782 1376
7762 105
5324 6110
6637 7711
2202 610
7058 6686
5010 5019
6148 6318
2926 4777
7668 7312
2550 6274
1615 4550
6839 405
4891 6358
4144 1902
3394 6668
7822 2842
2670 1598
7515 6987
213 979
6066 894
1495 4486
1206 6106
6662 2152
5955 7196
4100 4004
3813 689
3860 3207
7432 2275
7402 832
5168 2104
5444 1252
4522 5719
6845 2613
7299 7213
736 6435
1207 7823
7930 2323
4268 6113
2611 4640
4449 1718
2590 31
7329 5112
7630 1256
3324 3979
7979 2386
2487 813
262 6973
4099 7713
2602 5334
4780 2060
5044 5910
4627 7519
1124 1804
30 822
5299 4061
7918 3840
3303 3081
3153 3105
3046 1455
122 2580
5320 2516
5038 4949
6511 4192
3519 2878
6427 489
3198 1072
6073 7860
4077 756
6780 313
2995 290
751 6695
787 2178
7050 3688
6943 3890
6019 4262
4649 7496
1062 6798
5819 1399
5416 6804
200 7159
3449 887
5858 224
2712 3206
2220 7127
2475 2083
2195 3309
3855 6983
697 7236
7277 4166
2418 7732
2254 7828
947 2029
6256 585
6663 861
920 5793
772 1620
4971 7111
1662 1766
5176 4563
4474 5648
5657 7121
4262 4639
2682 1988
4039 2638
6840 4138
6898 3630
1710 4930
7807 7371
7051 6540
3771 461
296 7376
4317 2908
5401 1825
5115 5448
7171 3939
7934 2151
4717 4747
1428 4544
4633 6310
4580 7591
1236 541
5767 554
6604 3575
2165 300
7010 4639
1405 2832
2304 5160
3898 1561
1325 4238
5250 7759
5726 7039
3680 356
3151 6361
2757 1559
595 2870
1146 7961
3369 2086
2777 5742
4943 699
3709 2711
4635 4171
4663 110
7495 7985
1026 2001
5965 5333
2234 386
3059 1261
7240 2638
169 1604
1377 5421
17 6586
7472 426
3550 333
1744 6404
1760 3862
7807 3155
3998 2967
3471 5934
7910 3315
5663 4237
1185 3710
4298 7595
7018 2167
4126 5422
1312 3731
784 7370
4602 3773
4974 5859
731 6618
84 4018
3111 5393
5347 1001
6420 3403
6127 5146
6916 1079
4984 6165
3026 210
6044 6544
5867 6245
2762 3788
5535 6543
4538 3382
311 3204
3356 7180
970 5590
4046 3264
75 6707
593 2273
2021 5936
4990 5624
6602 132
4149 2032
3399 2520
1367 6971
7965 6910
7093 5936
6732 382
1799 4473
6896 1817
3234 1196
7568 3208
3940 7864
7989 453
2098 579
632 7564
484 2449
3615 2723
766 7976
3626 7640
2530 5042
5928 4042
4741 7650
5903 3370
6560 90
5900 1475
6440 7372
4632 1208
447 736
3980 974
2092 2646
3958 1066
2633 5741
3628 3099
891 3715
6432 7578
5095 3965
629 145
7011 4137
4689 1243
107 1954
2356 1739
7254 7989
3208 175
3080 2306
6201 2006
1256 6628
7878 2063
597 4052
3800 5364
4564 7626
5651 423
7757 2150
2732 4956
5496 1423
7674 7512
402 1754
3087 5559
2708 6445
6984 4468
4645 7268
1059 2213
2255 4723
7377 7493
5296 973
4620 4854
2738 1669
7595 5574
7740 3507
7924 7602
5930 3418
3313 7465
7163 6215
7174 6354
5514 4796
5057 6991
1856 6286
755 5956
199 3020
383 531
6786 4833
5296 298
6651 5692
143 7744
6172 2222
4150 2907
35 3155
4703 470
6480 500
256 1697
4832 684
3931 7497
5183 1994
3280 7290
6650 5495
7927 3202
2419 4697
6827 4887
2456 3894
6120 3420
1942 3677
5145 7392
3977 6786
3115 743
1271 808
7462 3630
575 4868
445 745
5004 4063
4580 3663
3150 4476
5985 3608
683 827
4006 3974
753 2365
222 2402
6608 3529
902 968
5446 46
4926 7205
3290 4074
6944 3584
1101 1995
4688 3575
6990 2132
4692 6987
5229 4642
2406 863
2130 2063
7112 3837
6127 3543
7320 4570
5491 2169
7972 1243
4737 7328
4223 3928
1120 2435
3413 6687
5684 5066
7547 6140
1645 5810
3914 567
1790 562
6446 7391
6608 3679
5754 454
1144 6989
4926 6349
2279 3959
860 290
7969 2145
663 1222
1713 3067
1069 6996
1882 201
4391 3135
5840 513
2030 6939
3561 7924
3232 2463
1870 7217
3491 1961
7286 615
3194 7938
2261 3529
6934 35
1872 823
6382 1017
2549 1882
5137 2726
169 1871
4155 1032
4513 5321
2151 3261
1877 6000
4069 7591
6194 654
7980 6188
16 3756
4913 7617
2787 248
3513 2409
693 3882
619 6712
3476 6760
7401 7325
4231 6438
4256 5151
199 7121
6110 5159
7596 5486
5668 3135
998 5310
1597 7129
4781 5030
6286 979
1275 6220
1709 5497
3896 5892
2487 6092
6710 6316
6364 4866
3742 7380
1214 1357
2730 4003
2299 1184
21 4661
4614 6000
6992 4169
509 4471
5943 475
5686 4159
7043 7053
7196 2781
2625 75
3577 6715
4995 4975
3091 1115
3285 2530
188 4825
1074 7557
3365 49
6904 5391
6899 6400
6490 1719
5141 2831
6613 20
7828 5837
3941 323
363 2972
6008 9
1050 3152
1443 57
6902 307
3732 2840
515 1740
264 2880
516 160
2750 962
3922 6330
6635 7951
3244 3752
2351 7641
5902 6
1416 5109
4165 2943
6853 388
3777 7120
7998 5458
5676 527
3331 382
1402 1132
6930 3035
6913 5624
205 5015
3724 6627
170 7130
5291 5706
5165 1969
6668 2737
2515 5996
1040 3724
721 2565
2199 7045
5436 6274
2013 633
4618 348
4234 1348
3001 3360
7044 7934
7438 3542
6216 3909
5441 1185
6777 4093
4279 294
3831 1110
2352 7536
756 4045
7618 1171
3 7734
134 1104
306 1336
273 5049
2266 4505
5542 3925
1652 4284
297 3654
7023 103
6551 617
5759 7242
7669 5182
7735 5053
5638 5321
3802 330
7233 7800
6446 1003
5762 517
7507 2581
1728 4382
6931 2805
7679 4
2042 4793
4615 1585
104 1682
1044 3133
548 5176
4687 2626
5363 4271
1917 5375
5226 1162
6007 4090
1728 7981
7130 6121
5287 470
5631 4435
5533 223
2605 2675
1470 1277
5902 7453
6364 4429
7456 3172
4945 80
5741 506
1876 1779
6333 3993
7563 4053
2826 2338
5920 7107
5108 6724
1111 2502
7542 4576
2783 6047
1881 2219
4519 5713
7656 2963
5810 2208
227 677
4846 7833
2615 750
2305 6674
2094 2976
678 4211
5028 3192
503 6133
634 5406
4234 170
6542 2829
5569 4414
1898 2419
29 3004
5819 6939
5395 7891
1861 1097
98 475
7382 4709
4323 6291
6008 92
4386 1005
5163 5188
364 1356
5778 447
169 4364
1389 3873
3117 4931
7879 3029
1097 7750
6321 4860
3175 431
2926 6616
1110 3742
6256 2089
7010 4350
2948 6613
1832 7497
5001 1677
5032 1615
7142 5166
220 6899
60 6437
3592 2358
1114 2839
147 7480
6768 1024
149 4859
4359 6618
4081 299
4207 2944
3621 7579
4152 6547
415 146
7525 2205
6675 6598
2461 4084
6410 3751
2980 7905
573 159
5258 4610
5090 2649
6754 6381
5190 448
7926 7062
3932 969
7417 7219
3284 4019
5693 4637
560 4173
166 2362
6868 2233
5535 5529
860 6129
5323 2013
3505 2951
4799 7070
7327 5105
5550 3468
4577 6084
6692 7574
6142 7040
4984 3210
7769 3021
2940 4669
3715 5124
4342 4397
595 5297
6996 2725
4409 5400
411 4385
6479 1589
7521 7219
1585 2696
5948 5477
463 4433
4090 6048
1216 7193
5522 1100
5017 1713
2395 4089
3583 4542
1148 6910
7481 5878
7076 5471
457 4324
1851 2996
6525 242
1112 7560
6849 1895
884 5952
5175 7471
5918 6653
3914 5339
561 7427
6847 4840
2628 154
5196 132
5664 5620
7790 5838
5303 3537
4662 4125
5394 6944
7011 389
3788 5799
3126 7637
2814 2020
7682 7716
506 7989
6787 7246
380 309
1712 2617
3037 2088
3540 3293
1418 2137
7193 4355
5109 5889
166 3724
2314 6443
7019 2358
3365 6678
2681 3483
7106 6235
6360 3770
2549 7695
2643 2682
7707 6059
5783 2412
3856 7850
4156 4817
5154 1651
3235 5916
1222 5304
6977 5433
6026 4062
4730 7949
6027 1374
4338 5760
2344 1963
224 6009
2806 7381
2084 808
181 5805
794 4298
6915 4138
6383 1960
2832 7243
5171 4321
4434 5758
1520 1258
1466 7489
7739 2579
1254 5639
7176 652
3864 3229
5698 6119
2407 6925
7963 7711
500 1026
4193 730
7648 7918
1043 4907
4092 2345
3826 5147
3906 7963
5083 4137
6018 7067
1043 7439
3358 4120
1764 4807
2682 3640
7080 1102
1775 640
163 3176
5503 628
533 3172
14 7359
3984 3233
6095 276
1736 4817
6396 3670
5673 701
3978 3958
2285 1802
5788 5275
5997 7034
7031 2694
6839 501
4470 6646
354 4682
4478 1097
542 5169
6645 5669
1615 1747
4911 2710
2076 2763
1961 3832
1090 5743
698 5976
7279 714
1286 6294
5260 1068
2357 5773
7322 4709
4580 7030
6464 333
6234 3274
6819 4807
7165 2023
3832 647
6597 7669
7126 5266
6258 137
6160 6981
6138 7754
2177 1305
7430 338
2728 3877
5789 5079
5815 357
97 3850
1446 697
2489 5887
141 4721
1870 7567
6322 5831
1658 4602
5343 6381
5309 7313
3960 5065
1778 4116
844 5247
3394 2839
2602 2286
5976 6698
5942 4157
2005 5432
2044 6039
3716 4784
1155 5620
4816 483
5030 4123
5044 237
3359 4708
7668 3288
3365 6339
2315 7933
1016 2754
1956 428
1338 6350
5709 6606
7040 6133
2728 841
1257 4782
3299 164
1454 4762
1963 2924
5691 3273
3229 2262
6909 5696
254 2725
6269 6842
6123 6735
1068 5356
7955 2011
5951 6285
3299 5133
7549 1622
1218 7877
1110 6278
5375 6117
7734 3178
1799 1778
6298 7963
4060 5181
7906 1800
3586 3330
7592 4470
4796 400
785 5892
3062 5994
5409 4468
4740 7726
7316 6503
5259 1844
4650 40
5758 1081
3330 1516
7949 5437
7402 4568
3672 7849
6902 324
6250 6005
2511 6655
676 2697
1358 2515
2551 6754
778 1738
1239 184
7597 1200
236 2782
7950 7579
2250 617
7290 2665
6563 3028
276 6857
5115 7779
5088 3581
6429 391
3994 5150
2253 6210
4620 5152
6525 3403
1375 3863
451 6196
2290 4218
5131 2698
105 4263
1865 637
4232 360
3698 4416
1984 2293
5420 6835
5064 5498
2371 7936
1264 474
4765 3714
5042 5043
7920 1325
779 4772
4786 5802
2697 5836
6225 641
4004 3157
3301 3708
6481 881
4707 1738
917 1572
1299 3233
2839 2243
2692 2983
1338 3771
5438 6035
5737 276
1272 2639
820 2551
7563 161
4762 1647
935 6091
2791 7788
5 7984
1472 7053
7772 5559
6652 479
984 1845
2293 4064
7304 7686
3487 649
7639 6651
4761 7180
5949 4667
7426 3291
4086 4323
5070 2089
1971 5104
3097 308
336 735
3578 2243
4679 3026
92 2796
3619 2358
1481 3290
2487 931
776 5645
2255 4163
41 930
1383 3767
7710 7701
6875 4918
2380 3076
415 632
418 2870
6640 7122
3050 1435
4043 6946
3166 7702
2332 3117
7100 3256
7353 5575
3292 3919
4624 755
4610 1247
606 1036
112 4655
4898 3235
4093 903
2642 3434
2667 249
12 657
6006 5086
7311 4398
5289 4834
5931 7586
1717 6915
1078 2746
5380 5397
5761 5267
3979 1162
2250 1538
95 7792
4340 3378
713 2875
1396 5007
6620 6149
7692 7203
5510 5267
765 4735
7206 3226
1208 6045
2845 2689
5207 1539
1640 5865
6666 6123
5997 4715
5012 608
7379 7072
5367 107
2455 5607
6252 815
7005 1506
2904 2514
2499 5826
5052 4509
7612 1605
172 4966
3868 3388
1346 556
5999 7570
2323 5634
4687 330
1186 5552
6710 1224
6292 534
2640 3795
3620 7058
2644 1881
856 228
85 7924
7348 5776
1300 3627
45 4868
6809 60
4704 2363
7874 1689
2628 2465
3482 2672
670 5176
7853 367
2483 1658
5531 3912
4739 6976
6316 4529
436 34
483 2031
6733 7328
6550 2645
6500 4929
7869 135
6554 569
5704 324
4229 1936
4918 484
3886 257
5603 2782
2685 4832
5729 1740
5681 3008
2123 5171
3284 2580
854 6398
815 6996
2665 4170
1658 1443
3119 3751
7766 7982
7722 4509
4223 3415
7242 3822
6396 7379
4542 5979
2392 6992
778 5610
4118 2332
5658 2149
1185 1794
5461 5350
5570 4278
1206 2642
1621 3059
6039 4196
2814 2914
5647 4204
7384 6462
7038 2519
5358 4790
742 2096
6318 5266
5629 6695
5786 3162
2304 1041
6209 7027
6281 5297
5806 5708
1060 6966
6943 7544
7519 4228
1465 1180
1760 1528
6009 5452
3067 486
5230 1777
836 6500
2854 6830
1570 7181
2790 6915
2469 2047
4573 7985
858 6886
2395 7327
7836 3901
2623 1788
7085 6993
622 102
6597 6601
75 650
4265 7715
4067 3597
3712 5184
7911 747
6370 6563
3296 3742
819 5366
2014 6722
6447 1613
7345 374
4165 4975
1180 1029
4905 1107
5255 7430
7717 5863
5236 5440
2672 3670
756 5778
513 7371
2779 6739
4133 2417
305 6837
1808 4286
2410 3183
7408 1519
6425 6363
8 341
5280 3164
2556 6800
4395 5957
1704 3291
670 4790
7734 200
3787 7048
944 2445
4265 7340
5138 4096
5185 590
2916 1631
5931 1664
7815 723
5305 4308
3277 1078
2802 905
3022 82
4674 7979
2167 5484
5231 6324
7078 4929
5711 4407
6964 7951
6393 6207
3538 3031
3833 6899
1112 1313
2120 3580
537 4354
955 7658
1979 730
1146 1620
1158 3040
7092 5759
506 7202
6993 6785
4198 6023
1448 7591
4790 7896
2099 5651
5197 2430
1279 5162
4691 6477
1576 237
465 7618
1477 6437
6075 5001
6624 1029
2764 1539
3177 3531
3608 3205
1707 6503
3230 5732
1214 7071
7198 5680
3839 2802
5546 3582
3389 1979
6206 427
4277 2521
2516 3037
4737 333
4852 524
1996 7971
3978 3521
4361 5333
4922 6110
5412 3692
2488 2079
2361 7592
1683 2399
7749 2978
3729 5086
90 4528
4929 3393
5718 3209
6861 2906
3733 4841
3855 3626
4774 4407
3877 3941
3836 2406
4616 3764
6758 1689
921 7168
770 330
3837 5614
1645 4780
5995 550
6141 4879
4995 1305
307 197
4002 3138
1067 5891
883 2028
150 649
2184 6132
6698 5958
6953 4176
7448 182
6123 4880
2687 269
3205 2276
1631 5464
4000 5663
6672 2146
493 1018
1204 3732
1851 1116
6634 5217
3529 5912
7300 4897
25 6904
1340 2236
6917 4281
98 4746
3094 1942
7961 1592
659 7498
5955 942
343 2960
2874 943
4070 5549
5249 5184
1729 1072
7162 6220
3640 6393
6617 6471
4864 2680
1752 6226
1285 5175
2540 543
1474 91
504 3221
5326 3622
6081 5174
3961 1217
4771 2623
4631 7609
4034 1807
7132 5319
515 4108
4393 6740
1403 6274
5414 892
6759 4878
3857 7186
1054 3387
3542 7909
4293 3114
1823 386
4994 6775
1965 7290
7987 3737
104 4070
4063 2442
3891 3176
620 6825
6148 7923
5715 3868
3955 7821
7250 5881
4688 5267
673 1447
6522 4990
7206 2432
2093 5222
3820 6714
6876 1348
978 647
6976 6268
6592 5817
4783 6043
4703 746
5360 7837
3594 2395
5710 754
6015 7963
4395 833
6107 3243
5207 1774
2885 607
1569 6488
5673 3847
7085 102
5032 143
7687 4932
4557 7780
7223 5864
5124 4056
6742 538
1222 3656
544 4595
2840 4284
2314 229
7285 7182
6869 3707
4105 7503
6243 5474
6879 2150
393 1577
2269 58
4007 6021
111 530
1268 7896
2305 7675
7261 2547
7537 4267
1424 6489
2180 3811
1107 6725
2583 794
1883 7855
7705 1559
4058 396
5752 415
2776 340
409 1424
5957 1351
5388 6157
3150 6706
6271 5723
4910 2543
1458 267
1031 427
7018 1946
3697 2987
1130 7189
6034 6289
4127 3648
3823 1628
6747 4857
6081 5039
7236 4313
1356 5971
974 3099
4204 7870
2342 6592
240 2134
48 5745
7916 945
6708 359
5258 2911
2964 136
3745 4394
7874 147
4297 2780
2607 2045
3565 3330
903 3996
1505 7856
7899 6149
5174 1349
3743 7409
524 624
661 3750
40 2355
6665 4691
1991 551
2111 4987
5617 4865
3818 7701
6801 851
222 6131
4355 6486
6856 1251
5039 7142
413 4755
1750 3342
6992 2808
7594 710
6792 1840
2467 6586
5905 4389
655 2893
1809 5749
5353 7710
895 6929
4910 5002
1999 6691
3756 4018
5680 2356
540 1662
2746 716
4721 4130
7906 7387
7537 3551
689 535
3972 1037
4276 5799
6731 5849
6516 5248
370 1482
104 6414
1993 392
2026 4885
6479 1054
488 2328
3152 1407
6812 7418
1522 6535
6974 2019
4234 7236
5048 3173
436 6261
2458 7839
5026 2257
4367 6498
1652 3275
6352 6547
1673 5269
2839 6225
341 5731
4759 151
6580 6065
5738 4899
7294 3463
3210 3544
2588 6012
3013 2976
5914 4281
2731 3863
3069 6655
1482 5796
7894 4268
6300 1385
1367 5881
958 6878
870 264
1572 2616
2480 4253
2636 2320
1984 7594
4464 2305
6992 7823
4480 4754
3103 7969
207 2261
2947 5738
5197 6862
1665 178
5749 24
6747 637
1351 6597
5929 3413
5305 2181
1067 5514
1065 5193
2782 4918
5719 615
397 2309
2257 3201
6570 2741
5294 6626
541 7131
63 1000
6940 7271
2563 1064
7740 104
2970 3022
327 7251
1469 6340
7118 320
5803 7381
1216 2741
487 595
6012 5735
7136 7670
1828 2558
305 3589
5683 153
1546 2938
336 7122
4206 6305
5603 6083
4448 6145
743 393
6871 2558
7360 71
5305 1406
6223 5678
647 5259
68 1596
7893 5560
6260 2691
6846 6216
7532 2284
4629 5451
7876 1851
2207 7818
1079 5461
6399 7845
1266 7999
7921 571
7082 5096
6779 6602
4915 5354
2145 2199
591 2317
7449 7697
5891 4492
6590 2609
4272 5468
3977 740
225 427
6460 2412
3169 2662
1888 3588
5391 6845
7858 6083
4596 5418
1114 1730
275 1776
4060 6977
1858 7712
5010 4487
4153 4322
1114 841
2345 5810
3468 7053
5455 7593
1391 6863
200 3966
1196 3492
7719 7180
2754 5533
7237 3222
5180 366
3928 5192
4768 6352
7175 7295
6698 7459
6653 5388
6520 7256
1213 3573
199 2830
3509 7101
94 4987
2453 5350
7049 5262
7329 2099
6281 6866
6597 6386
4298 6742
5673 7162
2709 2123
4102 5042
3847 1261
2104 6674
7746 166
2132 4718
482 2095
1275 7088
6195 568
303 485
161 5258
102 6011
943 7531
4829 2952
1004 5441
4719 6095
6692 59
7526 7551
6547 429
5393 3709
863 1850
6615 4899
3078 7223
4746 2697
7380 1357
6848 3971
2458 2655
3166 5866
1309 1709
3573 1888
7819 1401
6610 2638
3123 4968
7056 3888
7028 7850
7281 7636
6006 1629
429 3166
7961 3247
5322 3152
3243 5380
4973 1800
2782 3287
7216 1163
1081 3555
5492 3392
3405 6212
4601 5056
2475 7321
2092 4813
1044 5998
1471 7839
2609 792
3903 5799
324 2015
5347 4686
671 7395
2592 3965
724 1336
5125 4707
492 1492
7811 1522
1948 2283
588 1387
52 5400
1057 7708
7258 1535
4772 7783
6007 5361
5621 5700
5040 6799
5499 3913
7384 7667
641 7082
5092 4107
7940 2620
2911 4679
6474 5566
2078 3446
3573 217
759 683
5399 423
7854 3174
3400 7475
5296 3632
3190 2239
2500 455
637 6924
702 1659
1847 4693
373 24
1814 1565
2232 2245
752 4202
3645 1580
1497 210
794 155
1591 501
7160 1515
1746 5003
2244 3871
4011 480
4007 2190
2255 2652
6777 7877
427 4040
5809 6631
7842 6286
4257 6358
5405 576
6176 5527
6947 4572
1031 1072
1129 5647
5024 1813
4075 2231
4379 3076
6971 7341
6851 5870
25 579
4593 1559
389 2826
7551 5823
6225 536
5312 7618
4218 1992
3950 637
376 5057
7332 3890
532 1724
206 3374
58 6336
6365 3753
3983 6512
7999 941
6724 264
5966 1146
5996 612
2503 1386
2571 6146
4863 3665
7535 5448
7697 4455
4419 6729
5467 6569
4577 5060
1450 4156
3240 6573
2162 5908
6286 304
7939 7508
6072 4276
312 118
72 4956
3250 686
5431 3028
900 4106
7651 3338
3824 6877
3114 3962
3731 5340
4599 4911
3484 8
6876 3975
4866 5517
7841 4726
6071 491
5660 6029
1879 3923
5698 2813
1126 2516
5693 6102
2553 822
959 3285
5491 2150
3605 3678
6323 6868
7423 2694
716 5594
1791 4884
2102 4062
4400 713
2243 1465
5721 2717
1748 7513
6210 2060
2380 7715
4422 5137
3013 4893
106 306
1538 5644
7981 2108
7205 1625
5665 4752
4002 2234
6521 4190
7860 7758
738 6897
591 5128
663 5612
7829 2575
1967 7507
7244 549
3322 1677
4304 903
461 3111
7557 6613
2202 29
4240 51
196 7125
2951 367
7473 2861
5733 4324
1888 6070
1859 990
765 4992
4867 766
4658 6425
1935 864
7041 1808
2818 4476
2255 1343
6820 5898
5635 4296
2588 7786
2448 2014
3617 6018
463 6407
3378 2217
7441 1185
3847 2756
2483 6755
3975 5550
7155 6246
3579 2398
1793 2468
1475 131
2906 4799
6279 1459
6289 2309
241 6277
6574 4082
2970 7099
5180 118
1281 6629
7710 2425
2499 2178
2146 4573
6791 6823
6425 1795
7290 3237
1509 4368
7099 6502
3923 5745
1175 6680
1579 476
6327 4941
2054 153
3032 4642
3488 898
1532 5023
5102 135
4511 6431
5490 3892
2861 7217
7692 3127
2162 6589
4755 4765
1042 2347
5540 7836
1658 4992
6330 6358
3734 395
2623 5212
2437 4031
2658 4657
7050 3297
7978 4049
7492 2277
2890 1010
5024 1171
437 1226
1741 5552
1203 6993
7024 6235
2549 5960
2329 1717
3238 3450
3254 5828
5506 706
4103 538
1067 3853
5586 7153
3258 7137
5336 5594
3667 4767
2183 1559
7164 6469
2481 4037
239 2934
829 1470
5997 4862
541 61
1174 1169
6976 3331
2487 3475
2632 1786
35 5790
1726 728
3653 5759
5317 4615
6708 5313
3148 2755
4168 2927
5896 5379
1580 5780
610 91
3189 1285
1324 7585
114 2401
2586 335
1605 5592
1839 5288
753 5546
1653 7966
3827 1969
2225 2996
7382 3810
6486 4640
770 4368
2105 499
661 497
581 2875
756 3365
2928 4201
4516 116
2605 5167
5460 984
5988 3372
6589 3515
4383 7243
3309 3521
7302 7208
7392 1033
6669 4597
6545 5488
1516 2205
7247 2903
3792 7335
3283 935
5584 476
7633 1362
4386 1964
141 347
5327 4558
3248 5400
996 7975
347 5559
7466 4845
2619 767
4697 3980
94 4376
6217 2889
2053 590
6121 485
3450 3986
1203 1796
6436 961
7647 2830
3992 233
6552 3414
5682 4682
940 6777
1445 1689
391 5385
6351 5643
3938 875
1808 6351
2744 1598
6429 2460
6586 6845
656 4974
7683 4967
6530 7051
2638 605
6684 4427
39 1163
874 1687
6495 5770
433 5681
964 6661
515 6069
592 7643
336 4126
4385 1733
1599 5963
1193 7673
4094 6980
3367 1614
6166 312
6742 2400
4610 3336
4452 3382
5825 522
3237 5346
6634 4230
6217 4393
6912 4997
459 612
2118 3340
108 3814
2964 6627
7392 3424
7979 4314
7047 6017
4230 6734
4638 2529
4721 2601
4599 5535
2334 2600
4646 1865
7158 5729
1470 5885
2285 3460
636 846
5081 865
3329 3945
2564 3754
390 2361
7552 3451
267 4039
1018 2391
144 806
6994 4021
3272 7438
7914 6651
5963 3655
4605 7497
3723 329
3251 7033
585 5217
1714 3429
6216 5654
1846 2730
6530 7949
6308 7788
3483 3434
6235 7130
5139 3320
2893 5556
4479 4491
7181 7178
6330 2851
4136 3014
6424 6036
3833 2604
603 2724
760 1761
618 53
2131 4714
2686 4388
2304 1655
7903 1072
6225 5344
6799 4127
1673 4398
4677 285
2926 4765
4188 1255
3935 7456
5005 5671
5928 5606
1051 480
4756 4444
3597 7373
7682 1715
1633 7685
1851 7843
5183 6946
3971 4272
2668 2786
7150 7596
1536 1230
117 5309
6810 473
2441 160
2578 4554
6376 4014
4655 6494
7725 4062
2203 4199
4332 4748
6675 2746
2750 3000
2659 1864
3866 6162
658 2059
5093 6197
1178 2084
1292 2481
7834 6082
7119 7693
5007 2053
352 652
6977 3811
6252 3824
6394 5771
7161 6909
7484 6281
6897 3007
3187 7594
2941 3342
7977 4512
598 1873
5241 5032
4696 4801
198 3625
2457 2480
1837 4960
3512 2121
3639 4986
4409 6169
4884 6913
5584 5838
2565 6971
6139 5439
536 7183
7637 685
665 7914
7785 3529
3975 7073
1220 7798
3973 152
6734 4943
594 1186
5849 2796
7099 1002
1595 161
3599 337
6425 4488
7252 7768
3653 3265
6456 7105
1034 1142
5130 7537
260 7460
1450 3097
6389 5079
5758 1749
5718 5364
487 5460
7531 4669
180 7418
3162 6097
7381 7106
1917 3890
6482 6056
1334 3147
381 1414
387 3442
7077 3389
658 7658
6348 1110
4374 2796
3291 937
3738 2791
2709 7166
597 4741
6538 2227
1792 7664
589 5406
932 7317
487 7026
5175 7911
5261 6055
6056 3623
2576 213
3705 2275
404 6241
4749 4413
2371 3740
5378 5358
898 808
3264 5323
356 925
6418 2246
30 3307
5749 887
7868 3072
2351 2077
2962 556
3810 3039
4532 1027
545 3160
1962 3202
2498 2707
1630 6454
245 5203
7448 2010
1620 6807
1260 7744
2235 156
4658 4466
3289 802
55 856
135 627
562 3868
6361 7586
1914 5581
2419 3089
3190 129
479 2229
532 1343
2972 5854
894 5211
696 5361
1097 1187
1761 632
3248 1658
5112 1502
6082 2243
5287 4403
7127 5761
1524 4470
2056 60
5591 532
863 7974
4489 6380
141 1406
5214 533
3291 5045
5396 2466
4387 4495
7468 7845
5184 2317
952 5041
7043 7369
2358 5476
168 2657
1756 1445
3592 3223
5044 6123
4048 4344
1898 6335
3121 1148
7652 3394
3609 6190
3729 4913
6947 3341
389 6888
7370 1457
5188 7717
100 5873
925 847
5645 1797
6457 4343
7520 5032
7091 2653
5486 2432
1322 5814
3432 577
3989 1516
799 4751
4183 39
5423 739
2580 3787
7158 7215
7298 6210
2315 7365
2051 6907
3501 1845
6898 6770
442 949
1531 3378
5602 4551
1713 6617
5402 3669
4186 2140
3797 416
5581 6026
6064 601
5888 3029
2349 847
1243 7438
5282 2187
1361 7280
6130 4280
2223 416
7485 6408
4725 2483
340 3666
2662 7089
5424 3904
5531 2969
5219 6760
924 2533
718 6649
881 3726
725 729
2550 7635
1424 2956
2734 4983
2371 2008
2521 4744
145 2343
521 6311
556 4332
6705 2117
1488 7497
3263 5867
6897 945
620 829
3762 1801
4689 3455
2519 6357
5692 1880
3069 3024
3843 726
7816 6747
1752 5299
1054 7962
5790 2135
3091 220
251 1437
419 2938
3183 1626
3111 6785
6948 732
2242 19
4229 3951
412 5578
6548 5030
4305 6943
3383 151
4970 4874
3283 168
5836 6443
7964 7689
6767 5353
3116 1026
2642 5145
4882 2735
6893 3681
7596 7369
5736 925
1912 6182
5066 129
103 4484
820 3072
6771 5058
2319 1581
3891 7983
6019 928
1197 4871
1321 1180
2987 4475
644 4847
7441 1841
6955 1689
7661 5644
650 5488
1168 4205
3594 4098
7516 954
206 6973
287 7710
2336 1484
991 6224
427 1603
7734 2969
2474 3197
5729 1616
3744 3971
2963 4521
1226 5680
4111 1774
6994 339
7221 843
325 5461
3356 464
6279 6940
7394 3763
6405 4782
7872 6612
6252 6618
7010 3269
3161 1556
1845 6666
6864 1183
2113 6813
4848 3952
4857 822
7142 1616
1552 1544
34 3778
2063 6351
4295 5542
6885 3337
2663 1565
7998 3714
1518 2094
7318 1685
5533 6760
7248 3312
7290 2953
7042 151
1414 3615
1684 2092
6000 493
201 2221
712 4496
4252 1726
1270 1314
1807 5481
3692 1503
2240 4643
4313 5958
6141 593
3424 3970
6489 6858
72 650
4927 4895
7733 1670
2247 3736
2839 5811
2695 2177
3105 2184
2412 549
7357 7066
4233 4634
6526 4925
110 5821
1558 5804
5053 5759
1417 4395
761 4385
161 1450
1504 635
2596 1005
1147 451
6531 2986
819 7948
6100 4530
7206 3789
770 6804
4026 1700
1411 7743
2993 219
7307 5030
5886 5417
3776 2665
664 5052
5805 1265
1996 821
3706 91
855 244
1244 3098
5684 4695
2569 6806
5171 2493
559 6809
6539 1744
4581 4524
7217 1346
2146 1469
1961 726
748 5764
1437 5027
852 743
4652 2133
289 4058
6020 6900
5514 1802
3891 41
4136 2940
1018 253
3370 2097
3684 293
715 654
7445 5564
257 761
5158 5775
5495 262
496 7326
2750 3731
1511 5409
5248 4080
3626 6282
6709 3652
7832 6538
5337 7212
6564 7510
6685 420
2860 5035
5404 939
2822 4239
2962 2978
4380 6043
3464 4917
3131 3510
5011 6654
1638 1187
7934 7526
1136 5566
261 6542
5386 898
2692 7021
4569 4175
814 7034
5259 3050
7298 5004
6828 2822
1339 7232
4020 2242
3016 539
7267 5682
1979 7600
5585 162
7685 1348
5119 7704
7970 1265
2993 6298
401 2888
2432 1776
903 7162
5867 4651
420 2361
2350 3302
5606 602
3030 6476
5725 5822
4243 7259
7135 2929
1231 1959
4284 1618
6782 5729
2932 2421
7350 537
6184 7685
193 386
6927 1070
7153 309
6314 4409
5684 4217
2042 6137
1384 5314
5616 4583
3569 6967
6949 3273
7176 3897
6731 4760
7510 5216
1380 4577
2945 648
1905 7404
5766 5388
5230 7452
5384 657
6204 1366
3303 2951
2527 6693
6549 4715
7465 1757
6629 7312
1334 6463
4581 224
474 5853
7790 1053
2840 7039
6521 4589
4949 2692
6004 1942
4683 3276
5846 326
5762 7638
4015 7894
3772 2790
4547 1103
7728 7402
7448 878
3963 7836
7630 6116
5713 3562
3823 7905
1209 7381
3079 5714
7610 4247
4406 4521
2064 3784
6851 3036
5412 7682
4339 752
2555 3524
4891 3063
4078 3924
1458 2327
7642 7465
5994 142
1560 903
7680 51
4912 6380
4946 3839
4937 6955
3570 2443
1444 2647
6968 3739
5258 7842
7900 1308
6787 2886
4420 106
2633 2852
2266 4565
3709 2923
674 869
1112 1084
6539 1244
3043 3084
7171 2170
7659 7753
2576 3271
7727 576
6557 1548
6621 4350
3729 1123
6909 4213
6694 2672
3499 6370
5817 112
3402 6061
6621 6257
2679 593
7285 3618
5692 2044
6594 3149
3718 2233
5305 5410
3418 1484
7769 2038
4035 5021
7035 6603
4495 4505
1067 3666
7994 3478
4534 7726
1259 6390
2116 1659
5022 2573
680 1551
3618 2246
1846 4608
6276 7874
4885 3814
4619 323
3477 6178
485 329
130 2398
418 7034
2681 6615
1120 4295
4410 6553
647 1229
7231 5194
118 7289
1356 5034
2108 2480
7048 2073
6476 4974
7243 6746
1963 4013
5112 3862
1708 328
269 4004
5150 3808
1400 5511
2628 1599
6380 1976
7301 7867
7221 4839
5157 4125
4424 2300
820 5507
6879 3234
3141 3715
7556 2246
6754 7441
1899 7452
5118 4963
7812 228
6763 339
7953 43
6414 516
4021 6228
2255 1096
974 2264
5781 2817
1029 5196
6705 2823
740 5474
4313 4170
5799 435
3289 5305
5781 700
7813 1762
1296 7654
2162 7642
5483 1290
2661 991
317 2548
140 444
564 5607
4844 2989
4331 5346
6619 7428
894 3106
3247 1995
6429 7976
5302 1963
7263 5820
1640 1676
665 178
4313 7166
5232 1260
5235 3928
6123 5024
1956 5406
5388 1627
6420 616
289 6150
410 3521
22 4137
2415 6734
5005 5613
6755 816
5104 1190
4430 2475
966 5777
3786 4167
3461 7193
3679 4278
2472 7521
7999 6520
7105 7549
7796 3260
2575 1857
1366 7880
3667 3199
4737 1050
6496 1867
7046 2000
626 2113
161 7813
192 202
747 637
3156 4954
7057 2883
3035 1981
3397 5520
6392 6292
6707 3439
1502 26
4535 6943
94 3692
6349 3193
1277 1801
3337 2386
1866 5590
328 2467
5743 4517
3430 999
3397 2870
6577 5701
6125 894
7646 1647
4188 168
2107 2186
2486 2458
7333 1423
2591 2105
4603 6833
4366 1327
3155 4352
3426 4012
7339 333
6586 4330
4898 1487
448 4662
4968 7813
2693 5292
1075 413
4755 5186
2163 725
5886 3336
7241 6304
3005 2157
6067 459
7416 134
6859 6240
930 5003
2354 2890
4937 7330
1351 1531
4204 5281
5404 7883
1868 5518
4074 2530
1541 2281
7491 3095
5471 7852
4105 6233
673 4497
1758 3214
3493 2453
7643 3899
5490 2811
6981 2276
1349 1749
2748 7604
4977 3071
2742 3999
5417 5228
5868 6981
1628 2085
4691 4762
1345 2510
5838 2436
5490 5931
7906 5060
3069 3364
298 7449
7544 7685
3276 2977
5782 4361
6187 5378
5176 1304
1822 5832
7749 3854
6050 7951
509 3390
4043 4004
5322 3127
5185 7335
2073 966
1192 3379
487 187
4448 4674
3487 7728
7279 7370
6371 6024
1595 1260
6697 949
701 3407
3912 445
5042 7432
6546 1149
2580 4990
5093 6062
4488 6091
1597 5031
1049 7909
268 6627
7781 701
2573 6277
2710 5415
7125 601
3732 700
5995 7901
5113 636
7129 4288
1798 1080
2051 5545
3476 240
5752 4987
6925 5368
1031 6488
1819 7200
7572 5859
7585 2323
3243 2059
7273 192
4691 5573
3422 3576
6247 984
316 7319
6497 6751
708 1127
4664 6922
6964 4929
4268 6119
502 1333
4062 5856
7832 5997
4198 4676
2748 6604
32 266
7889 668
5894 658
1857 809
5956 4719
2476 4840
519 4515
2390 7005
7512 7017
1884 5051
7784 6521
6061 2892
940 1351
7862 4627
5354 5645
222 112
2196 2250
7924 4933
1430 5194
1062 4055
2347 6249
4979 2935
4340 6803
3363 5345
5515 6029
5365 1252
85 5497
6041 7683
6934 5653
671 7772
2890 1414
560 4615
4785 7060
3196 6657
938 2293
2355 4938
3971 7950
2424 3531
3280 4151
978 7356
2618 1855
2213 6533
6362 1199
7713 2083
6342 1299
2234 1230
6059 3639
5144 921
4636 367
271 6169
4394 3610
2193 585
2101 1127
7395 1069
7298 407
653 2678
3021 3781
2454 7014
3680 3556
3183 1204
6948 2825
3439 2226
760 6825
191 5805
6848 611
4631 7381
6719 2113
5097 861
7337 5242
7387 7717
1458 2428
2171 2455
3947 3561
1326 1935
3278 5344
618 3198
3095 3389
6694 5264
6294 2019
4750 1548
771 4089
506 4092
2705 4082
417 5903
5766 4690
1418 4155
6537 1453
3844 102
5181 4338
1751 2887
1037 3113
3322 648
5384 3385
4550 5040
1840 813
235 6398
3085 6328
3042 3224
5319 5110
3107 3045
7732 6324
3415 4023
2415 6963
7120 237
5226 6953
2168 2583
2245 5193
5895 412
2975 6596
1849 7065
1516 4112
6592 4875
4423 6248
7670 47
3402 4564
4181 2663
2909 2858
5290 7008
3147 1749
6279 5746
5915 2709
7161 391
3293 3527
4537 6080
7747 5735
2343 5972
2546 2131
6899 1467
5977 465
7966 3722
3202 7892
5025 1567
4454 4539
7403 2687
6662 7451
4433 254
567 1534
833 6495
3518 1067
4281 2749
1372 7976
3766 3818
4331 5630
1070 6165
3498 5756
6721 2225
4374 1855
7086 3603
2554 5936
4098 3292
5063 7949
3991 3353
6759 3821
6202 5735
3663 6846
2989 4251
83 7890
2767 4704
7679 5914
4312 2466
6691 6128
713 491
7214 987
4643 588
5183 2383
6168 7103
6327 3508
3263 1674
5395 6120
1035 1767
3577 1671
126 4385
2064 5738
282 3393
3733 365
2201 1834
3819 3446
4701 3970
4659 1139
810 6610
3805 7842
851 3824
4606 3863
7090 283
866 3450
2780 5670
4515 5967
3220 3993
1594 7482
3391 6996
4118 6914
5913 5237
171 7573
7589 1532
7053 4236
1834 6957
445 1969
604 3510
1923 2366
7449 4050
6589 1448
6870 109
2678 860
6168 7113
7674 6473
5927 3744
3561 30
2687 3147
2827 7765
1802 3938
1379 7216
3723 421
5383 1346
4636 3803
1710 3378
2842 4280
5771 5756
1183 6404
1369 1400
2160 7290
7864 2527
1400 2990
5431 267
3829 5235
2354 5438
2674 1532
798 6630
5621 833
5922 5024
1529 1765
1576 2874
2911 7317
5109 7869
6048 7923
4533 107
3526 3572
5979 7621
2076 3206
40 720
7779 4983
6344 1241
5062 5010
1573 2039
6736 459
6391 6672
925 6045
6233 7070
2126 6705
5858 6515
4545 2690
3058 2811
5889 7743
6859 7426
3897 7984
35 6262
3503 6301
183 7981
2734 6955
2913 6313
644 5065
4141 6427
1838 5642
5801 4263
1489 3027
1531 4583
2667 3384
2935 6962
5704 4322
7601 542
4025 1268
5008 3843
642 4142
3044 1858
7443 5841
3898 5639
4217 2692
6317 586
7574 3446
574 4828
6671 7301
3431 1888
388 734
4333 3479
1029 6566
629 4962
67 4121
7960 1729
5060 3889
825 6305
7387 3722
4247 6742
3928 1347
4318 7141
4348 231
6723 6149
5871 6349
6351 3942
7669 892
59 6899
287 2003
1086 5141
7614 3497
227 5496
4061 2736
5982 145
752 7775
5856 7200
3847 5776
5033 1010
3591 358
1822 3691
4891 5428
7643 4418
1383 4826
330 3533
2430 6129
1141 7999
3476 6698
856 7727
6710 1073
7995 666
632 7064
3262 6828
111 2225
3446 2043
1953 5307
4855 6229
2362 834
4146 2683
1921 4160
7234 1773
778 7176
4289 5544
4140 1381
4768 7854
437 5566
5367 5317
7645 3772
6873 4290
7225 5679
2028 3015
5297 6446
2679 3083
6516 62
3261 2265
3818 2870
266 5020
5483 6880
4747 6553
4078 5857
7522 1853
7044 2077
4090 7705
5318 2901
5272 2027
6987 5394
2739 1631
4703 6727
326 4885
1649 2418
4643 3621
4364 2051
1098 288
3529 4480
5754 7193
6210 1256
6855 7013
6089 7510
5485 670
3930 1641
3684 1326
6799 1826
3637 7754
6931 7757
2699 2044
6425 100
205 6438
2062 7920
7275 836
7500 3185
5111 7793
7440 7360
375 4397
5038 2739
2360 2909
6211 7233
741 6483
7660 935
727 6480
6261 7497
879 583
7572 1885
419 4260
3096 7045
981 2765
6044 3707
106 7144
4352 1074
3865 5149
2650 4602
4546 1885
7336 2341
3714 3875
3401 6952
1348 1529
3117 260
2585 7999
7883 4517
12 5864
402 650
7343 7493
5409 4262
5818 966
4282 2886
214 1725
7284 4981
7668 2918
2929 4444
4515 421
3920 2542
4322 3854
676 2243
178 170
5284 707
1968 7416
2596 6
1826 3443
4675 7034
6352 4371
4710 7940
7253 6358
4902 490
7605 2560
7366 6448
5233 1121
6248 2177
3033 3030
2560 1233
2658 3986
5768 4673
3064 3551
2742 579
2069 2655
3755 3710
2835 472
7405 6196
1919 4591
5527 6178
2030 7988
2703 3303
7060 5983
5177 7529
5586 3097
5610 437
5968 2879
7392 4133
1100 1826
5424 647
4657 3410
4159 7483
4652 5468
4277 3805
4859 4049
4015 5668
4103 841
4980 6154
6131 5864
7403 1006
7413 5024
7883 6646
3621 3895
1810 7544
3667 5195
5370 5147
2974 2835
233 2745
7746 3559
6760 968
3826 899
5590 1018
5543 1224
6685 4193
5687 3395
2918 4823
3433 6706
7881 6237
1608 324
7048 4866
310 7073
60 6599
3651 2602
1615 6464
6014 7106
1964 3773
2443 3085
6772 554
7094 7095
755 2036
4679 7289
82 2093
6359 2968
4558 1778
5025 302
424 6027
2204 5804
4190 3410
4425 928
6619 3736
6216 1396
683 196
47 1399
6449 1341
221 6881
5340 650
396 6033
7319 504
5926 792
7616 5885
5146 6971
92 2458
942 3893
7369 6342
2903 2108
1779 5768
5831 645
1995 6565
3846 5642
3573 4411
5252 2699
577 3821
7534 1427
1117 2944
7359 5628
2441 5061
345 7093
3339 7097
212 1539
1955 7273
7638 6982
3841 7897
3363 7998
3126 3559
4919 461
7465 1836
466 1599
7051 7523
3732 2119
1869 269
2441 3083
7632 468
7174 6435
5212 4846
3189 3870
4758 3204
3053 4167
1772 6804
7110 7526
3283 2515
4523 7049
1971 5655
5168 6020
5792 2549
4966 2998
3725 7910
749 462
3004 4080
4362 78
5433 2114
7609 4943
2568 5023
6981 5125
4444 830
1621 4229
3658 1585
5321 2372
6844 7878
1222 866
3050 2347
6925 5799
3974 2197
2579 460
1591 2530
973 5181
1481 2045
1930 2973
6627 2434
6661 1099
5561 3362
5243 1572
3586 6345
1082 1480
365 6783
3515 7969
7824 7948
3633 802
7969 7264
2786 4237
104 1265
1782 1912
1972 6822
1165 3408
3085 1332
5974 5406
6891 7751
4574 5641
7461 419
6053 1501
3180 5387
1655 5322
2489 1506
57 6064
6660 2448
4483 1882
6775 5159
2669 2056
6818 3527
4589 6321
6384 1662
672 2376
2266 4852
4006 4991
1050 7623
7283 1801
5539 3442
5347 613
5711 3827
1038 6488
7065 6125
3805 3641
4748 6667
1692 4403
3067 4582
6032 1479
6643 1256
5450 7952
6190 6258
7420 1099
4873 7356
2764 598
4216 6203
7015 6456
3833 5768
4824 7522
2566 7870
7449 1461
2383 3364
4776 5059
1063 76
6046 346
1662 3834
2877 319
5391 5065
6024 375
666 6603
1431 1420
7893 7664
106 397
415 6377
3838 2391
1845 2765
4062 211
1256 6715
4028 5440
4751 3137
512 2547
761 700
928 6043
7269 6337
5745 6154
1846 3772
1020 3569
545 6551
5397 4907
7465 285
4840 7166
7949 7392
2389 2461
4928 536
7422 4273
2137 6860
7261 6168
3404 6582
220 5166
3289 5410
6303 1164
7811 87
4517 3663
6980 7097
1615 7387
6975 1710
2303 1695
758 3072
2661 5402
7869 4226
1110 4830
366 1847
223 3924
5343 5487
2008 576
209 1587
1980 902
3946 4963
5239 4397
6374 1502
2817 164
5385 290
5803 2370
984 7093
6135 5458
72 5379
3117 7695
5879 7432
811 2988
474 5616
1725 471
7926 7677
1773 5951
5780 4330
5149 4244
1199 5006
7314 5262
1583 4482
3091 432
5403 3014
6323 3982
3210 2401
875 1229
1946 456
236 234
677 2753
3442 1597
5169 1224
477 895
359 1074
1917 6987
5063 3280
4907 865
5209 6934
6560 6896
5159 3901
64 5717
6633 6821
7991 5407
5441 2495
5191 3925
3048 5802
3104 4474
1192 4508
1906 4943
7949 900
319 5722
6102 5037
5492 2086
47 806
4473 4555
7460 1248
7687 5871
3983 2519
4410 2445
3602 7093
935 4789
5900 5555
7599 468
1925 6849
3668 2998
6956 7400
5004 6857
2820 6190
916 6500
6170 4217
4039 7816
5882 3128
1007 4581
2274 5567
5787 5408
5431 6065
4978 4947
7991 4387
6150 1493
3823 7230
3628 3196
3310 4517
332 3809
3321 2456
1588 7075
2560 6873
4338 2863
529 4045
3937 6142
4044 548
2883 7135
7831 3965
3856 4214
530 2563
462 5
4942 3677
7906 6762
3385 6085
2534 5609
7005 7222
3707 1708
1419 2060
5857 4424
3409 3239
7876 4546
4275 4240
5401 5778
7769 2847
1130 870
2246 5467
5038 1770
4937 7716
413 6919
6007 5518
3714 297
408 911
2194 1990
161 6491
956 540
1827 6989
4481 5946
6401 5769
6150 5569
2279 7968
2152 4588
6009 6835
7631 334
2762 2076
7622 1051
3983 2889
6154 7530
595 682
2528 1977
5420 462
940 7794
7917 1544
3968 6957
6301 6616
7346 6517
7528 7623
3761 5199
6677 5523
2329 4856
7736 7756
5956 7471
6569 2622
4772 7667
3764 4432
3214 5582
274 620
985 1618
3416 1121
40 355
3375 6149
5380 5941
6212 2078
5358 7767
1089 5507
627 2737
6779 2494
6400 650
7469 6261
4664 6989
6181 6793
3012 7180
2557 7039
5674 453
2893 2973
4194 7076
3167 6551
3749 6474
7395 5099
5830 5517
996 650
197 4224
2875 1528
4962 1524
1603 2933
1263 4478
4172 7901
2473 7611
4244 6605
3464 4818
5747 327
4949 5753
5973 2200
892 7291
4973 1656
6626 3832
4904 4401
5816 109
7840 67
7441 3189
2643 5192
2480 6736
5971 5396
2406 2340
831 95
219 3009
4977 6374
7850 5481
3769 7054
2354 4112
1674 1291
681 5792
4532 4096
436 1728
2322 6823
3125 3670
6405 4404
5796 906
1569 117
5410 1294
2725 7869
4746 6171
2417 577
3464 1981
7283 6658
1390 7505
1827 7212
7492 3405
6512 191
416 1730
570 3244
6327 6686
3457 6594
3635 3445
7325 7177
6342 3329
7856 2478
957 4455
730 7905
6616 5435
2155 1980
4825 7047
1822 4901
5275 1608
4996 4725
6757 6074
2430 282
1919 4118
1583 6138
5060 1816
1201 7192
1849 2693
4295 5756
5405 2861
1876 526
2689 6189
778 4804
7194 7161
420 573
341 3032
1048 4396
4330 496
7815 5624
6260 1540
248 995
4544 6331
1220 7978
4068 867
6866 7725
4050 2165
4486 5648
556 283
7990 1569
2138 6511
2910 6715
5723 5702
6484 6250
4184 1581
702 463
5503 690
1666 5318
4430 615
3006 1159
3694 3490
7610 458
1795 456
5722 6447
2113 4684
5848 7836
2241 4146
2482 7016
4244 6873
800 5688
2007 5688
969 1191
2823 1768
6966 4076
1239 3298
2247 4023
448 5131
7013 7451
1881 365
3575 6066
3047 1288
89 1981
3190 1353
6858 7436
2985 6425
5476 5534
2894 6489
2258 8
885 7596
4029 2587
131 631
4999 1665
1538 4516
5244 552
955 2605
5637 5923
71 151
6431 1804
2850 5500
2892 1135
2817 2702
905 1891
4582 2201
1343 7546
6449 5000
4413 4828
6905 5867
1382 6382
731 6839
6759 3960
7378 5199
5101 4936
6920 1026
2580 4689
492 6036
1506 5080
5637 6977
4533 7057
6214 5119
3066 708
226 7428
6432 2358
4001 5576
6348 4742
52 4684
5391 6997
2310 411
2453 5993
5587 591
5919 5140
1725 3416
5683 7440
6364 2681
6417 4142
6806 7315
5866 1136
5489 1254
7309 2163
804 405
5218 2513
2548 5865
6490 4101
2622 4889
2086 1488
3087 1993
2279 3548
1404 4176
4774 352
176 3710
134 7683
320 6174
1015 3972
5765 4856
7020 5273
5034 2778
5838 5270
5060 4824
7090 3601
2594 5522
6152 3780
997 2229
5014 5426
7954 4165
4965 526
38 3353
2939 2264
3050 5159
3848 1097
2375 5697
5220 3377
3354 6432
3961 4255
3147 2465
6205 1409
2843 4813
3940 268
7613 6301
851 3102
7207 3005
3735 802
3176 593
3607 3893
2236 3510
7303 4358
5662 7242
3551 515
7069 1646
2636 6514
5234 4618
2533 7324
465 7506
800 4785
1022 6600
5574 3560
3938 7171
2468 3366
606 110
4292 161
2527 5779
6683 7877
1459 7578
4100 5847
4123 2316
5741 7064
161 6045
5521 3500
6891 1962
2918 6971
1873 447
343 3672
2028 1372
1844 5600
7599 1977
3433 7781
7675 5831
4588 2508
2157 3257
1403 2420
7099 7043
3526 5657
5631 4898
296 2743
2962 3548
2844 6898
6301 7625
1838 3893
7532 2706
2607 1625
1988 5497
5613 1353
375 2073
4451 7845
5173 4527
748 1635
5989 7578
766 6780
6836 6559
4436 4678
2926 944
428 3677
2699 2542
2419 1800
1611 6508
638 6298
325 3830
2938 597
2427 6994
4070 214
7411 1029
7103 3245
194 5145
6140 4427
5226 4574
6268 6817
7206 5679
5885 7622
6786 6838
4430 89
1904 6963
7879 744
4953 6904
3191 4817
6577 3320
1310 2215
334 3330
2652 4120
5754 1353
3626 6092
4038 5414
2568 3791
7330 288
4726 3315
1771 5546
1127 6576
7620 1261
4339 2830
4776 2504
6604 2437
5439 6166
3635 7650
431 4463
2028 7788
116 7281
2799 7240
7539 4480
5792 3354
5003 4619
1601 4077
3118 6161
5287 2965
4143 2212
4394 1618
3419 877
7393 4536
269 2417
2574 7821
445 1618
5845 4595
601 2393
6067 839
5015 2098
7148 1608
1801 3832
1221 3964
4850 4340
5364 5775
3032 864
7253 1982
7066 1968
990 2547
1732 6739
7253 1074
609 5686
7936 7539
1936 393
7902 1360
2778 4295
6292 1314
1475 4400
362 2535
1247 665
7799 6184
6951 3111
3418 3224
6924 344
43 7486
6667 7875
4402 3415
6018 6176
1814 1205
1026 5834
5144 4013
7397 5252
3328 48
418 570
6168 3320
4382 1418
1945 486
3973 4163
3299 3689
922 5805
7345 4257
3019 7881
4811 6660
3721 602
6973 65
2646 3811
