8000 7500
1352 5309
4155 2805
220 3285
4854 53
2735 5189
6602 2313
5393 2226
818 715
1022 1336
2242 4772
3765 3947
2743 4824
4793 2969
5338 2619
267 5027
1843 883
4327 4907
1505 4596
5778 1701
2897 1514
5536 4529
4878 2611
3055 3661
1063 240
2100 2147
287 947
1232 1637
1004 4025
5357 886
315 4361
4410 1980
3054 1022
529 3024
5127 1017
6848 5206
4108 494
1406 2254
6564 203
1706 641
5374 2061
7264 448
1515 3728
3003 3250
556 1585
1371 4992
3849 2094
1747 4774
3235 7260
2966 4364
1601 5787
5550 7326
2973 1195
2889 887
404 2675
3751 2808
4451 2807
4020 5580
1904 4985
2190 4071
5974 6979
4561 1331
3232 4634
2059 2530
3755 383
7210 2366
5762 359
6524 370
6649 4172
3129 7494
2237 7038
1079 456
3636 4917
738 5351
2379 2985
6657 2540
1736 5495
1721 6915
4549 7458
6572 6452
3658 4486
1665 2511
3470 612
322 2301
1403 7482
5066 105
892 2500
7024 1234
5138 1643
1392 4341
967 1221
5448 3376
3927 6002
2473 1064
1871 5737
3232 2864
1627 1709
3103 5712
1342 4354
4481 4241
3941 4731
5276 5489
5952 5198
1908 5677
1348 1514
16 3365
6178 1279
1556 3029
1842 2643
7311 6297
3331 3803
2234 978
718 5273
592 4382
2286 3553
751 1624
5343 3638
5399 7186
794 159
2498 3639
6791 6637
1248 4208
2280 3278
491 4225
6114 2874
6790 1104
317 5685
1649 125
4432 3405
4069 212
7465 2106
2601 7239
3830 6663
4640 4704
2585 143
2009 1162
5638 2432
7287 159
5370 3462
1179 5349
5318 231
4030 6011
4972 2070
107 1991
5641 3182
3264 6125
6836 1640
4680 5066
2798 5115
569 1286
1482 4570
2875 5839
2231 4596
3701 6008
6496 7236
7026 7137
4635 759
519 283
6001 1110
4647 5878
7124 4454
6814 6012
1647 4639
1386 3133
2514 5577
1359 6681
1701 4253
4511 3150
2518 2671
3622 2783
6033 7467
2622 3212
2188 4081
5576 6383
5363 5117
6257 5943
1034 655
5116 2502
5596 6588
3033 2356
923 713
4443 4373
5713 5503
5281 4231
5392 3444
5514 5250
2614 4219
7037 4552
3242 3402
1623 6317
3275 3064
5141 4229
7198 493
4700 2763
2250 3826
4684 4038
3108 5964
6423 2118
6747 6025
2497 4802
6617 5312
3441 1907
6162 1181
3561 4751
2433 4433
607 5555
3745 6118
1255 402
2853 1522
2164 4663
7355 693
351 1568
758 3117
6201 5872
1822 2414
2687 166
4364 6953
2067 5528
4322 4503
7197 2526
1536 1734
613 1074
7072 2644
5735 3976
7107 3540
1934 342
6524 5153
761 3722
6540 1468
5776 5595
1215 2034
1863 1820
6714 5354
5584 7351
4333 5036
6629 3677
808 2373
2823 5818
1544 5165
6165 2356
3975 727
6808 2639
5320 5135
592 1896
6691 1126
1943 5250
2029 5605
4449 309
851 3315
7088 5120
3388 2785
2525 196
6036 6999
3218 4503
6474 3401
2113 298
7114 1733
6877 6435
5600 494
967 4838
2891 6046
136 5038
1589 6044
2389 7098
4401 1145
4739 2281
3275 6920
4769 5355
1757 2339
5610 581
2734 964
7095 2142
5355 2096
5601 4810
779 3015
5530 3915
6727 2692
6118 1395
2974 3462
6308 3242
4635 1035
6494 4853
3233 3804
4425 3617
1342 2630
7448 1239
6951 1967
6343 1188
6903 4323
4003 116
4226 873
3837 5885
4159 1109
2681 4761
6362 2400
3276 2144
6227 7418
1711 4019
1563 4766
2577 6263
840 686
5706 7134
1242 1109
1806 1747
4601 5307
3441 1209
6672 5244
6892 2086
3289 1347
1789 2080
1878 4324
7350 5363
458 3304
6512 236
356 2256
3185 2461
3438 7369
3230 962
7051 1090
4646 6556
6738 6947
3638 4876
1034 5660
2952 6747
2390 613
7434 995
3980 2096
1535 1812
6283 19
6187 464
4693 3425
497 4267
7234 4619
3194 3887
3808 6271
7209 971
705 1955
1882 215
7324 4386
6451 1715
2149 5044
1440 656
112 4076
3317 5255
2834 1663
5290 5131
945 2882
7442 2785
2461 4650
4376 3309
8 2939
6321 2700
6303 3855
526 4520
773 5345
6310 3960
2084 2934
4267 17
1241 2514
3866 2612
3617 1182
6739 6168
3741 1633
5894 578
1497 2992
346 631
1593 4310
528 1803
740 1984
3056 6860
5406 1889
666 32
4927 2582
5903 162
7128 3556
3565 118
4006 1266
1556 2012
1501 377
4714 1759
4126 5716
814 995
6872 2761
5089 6495
1131 953
257 4771
6806 2067
3565 2140
2783 332
2204 21
3557 6345
7281 4399
2589 6486
824 2336
6168 1474
6979 3328
5039 243
15 5775
4104 3399
6175 2077
3697 6455
1013 2292
3010 5318
6309 2344
5164 1109
4359 4221
4567 1418
1064 2733
1523 1155
959 2777
710 2249
1675 7405
6069 1500
3589 352
3110 2724
2748 7005
369 4724
2309 2469
1381 1314
4680 2556
1489 3416
1386 3357
2722 3470
713 6449
1444 3432
4245 750
1084 1685
5580 6230
1188 227
1704 6609
4465 1665
6911 3783
7184 5578
3423 6544
40 5852
108 344
2515 5230
407 66
4647 5197
440 30
4591 1753
4994 2134
2574 426
845 1895
1775 3245
2628 7132
306 5576
520 6107
5085 6073
4773 2534
5631 2459
1271 359
5245 1677
6104 2684
2186 152
1709 5850
5344 634
1422 7080
3451 1580
4909 7147
6618 2648
2729 1275
2720 4512
6611 1989
4657 5147
6301 2726
3321 6323
6335 4874
2752 2359
995 1587
5974 4081
6896 863
3261 2100
1541 1709
3012 5184
6126 1551
3878 6614
1475 2400
5892 450
204 2328
6660 6750
4357 2610
1803 1525
6875 6281
3551 991
6230 350
3208 5199
1165 1879
5035 7290
1463 1145
7113 2666
4831 2559
6623 1095
630 2332
6994 7300
3035 3413
3993 5641
2316 6141
3292 2644
6451 128
2763 3798
2223 1555
3803 875
2556 1628
2005 7353
2364 1748
6829 2916
5040 5511
3096 5890
5058 6906
1453 3129
5788 5848
6160 2393
4689 4850
3529 5384
71 3243
6220 3083
3289 6784
1736 5143
1629 1891
145 2015
1020 6382
4528 4256
5789 598
5646 5539
224 3189
4294 5969
5596 5893
6147 621
518 5434
4009 5145
2227 1681
821 4462
3540 3590
1471 4498
2892 5639
3107 4319
76 1110
1639 1933
1490 98
1796 1466
1922 4484
2724 5513
1305 4927
503 2253
7210 1361
5289 4524
6627 12
4714 1596
4920 1029
1799 6828
2302 2394
6684 2310
1702 1806
7310 5088
2111 7209
3979 2068
3781 3369
5512 612
6516 3916
1227 30
273 102
3412 276
391 1226
6849 6188
3008 2428
6464 7486
2261 2598
3540 2886
3672 40
7248 859
764 6948
6499 7356
7262 5618
5485 83
2974 4210
2185 4735
547 5367
983 1086
391 5936
4115 1022
415 1817
1307 3483
4927 6012
1782 986
4892 1389
5150 2512
2545 5255
6067 2618
1923 6547
424 2168
209 50
457 196
1168 4062
826 332
2716 2105
6083 3890
2846 2494
5156 6527
3902 552
3623 4862
6568 4896
6539 5239
3999 4885
6536 4223
2122 4406
205 6773
3131 4992
1424 1321
1140 672
92 557
2400 5319
6155 1701
2146 5960
5094 4719
1204 6486
1450 3310
7466 6647
4928 1963
6152 1484
1933 6314
850 4750
7423 5998
4166 1015
6178 3563
2567 7345
6422 3994
5660 3512
5679 4138
6651 3255
2266 1658
6903 1433
7024 3171
4724 924
7085 7000
1481 3314
927 1347
3662 3834
5966 5833
2192 7185
3218 5417
5118 501
1247 2309
6233 9
5644 6161
1369 1387
3572 1800
1181 3671
2548 2097
3309 3516
1069 1594
3911 1260
6289 2591
1448 1651
6015 2504
2532 7416
5148 3691
1291 564
1756 1861
6265 6022
6678 1847
3605 3599
6667 1798
4237 3826
4599 1586
3789 6715
4001 6150
1849 790
1504 3856
427 7465
5738 1394
2762 6549
7250 1006
6419 6425
1696 2366
158 4311
4316 2511
3761 7409
767 3535
487 7111
4125 2612
1528 1817
452 4071
5150 3028
4427 37
455 4276
7095 4816
3333 3472
4442 5793
6971 3749
2536 2077
5722 1328
5967 818
4806 1031
577 5019
3295 4126
17 530
526 5550
6822 2117
2888 6717
2555 1299
2880 1319
5568 1741
5255 229
1552 4260
1173 1668
4804 100
3023 340
4482 2742
577 2490
2093 3954
7205 3626
3040 437
4311 4449
269 2012
850 2686
5524 1124
722 1299
5168 1373
2947 6751
281 3428
6159 818
2551 2742
1072 272
1818 1501
2204 4705
5102 5241
1781 3685
3865 6544
2547 1019
6739 2409
1003 4651
5645 6303
1529 1193
657 6272
4777 7288
5540 3896
1087 5570
5853 1000
3097 7132
374 2462
6957 3174
4881 2403
4731 2761
305 2803
2194 6232
7400 1656
5069 6180
5139 6941
1753 7247
3627 1731
3866 1474
542 1808
3755 1534
2508 2536
3774 2048
1387 198
6899 6591
497 7233
1551 1667
4811 2282
3848 5600
4981 1723
6215 3997
5061 916
6839 605
624 7469
4512 7102
7247 1085
7022 3320
2673 7205
2263 4036
1805 6164
1926 2926
7043 2378
3113 1603
280 3326
2901 603
1270 2316
4057 1910
2180 2190
3633 525
7249 7367
500 6012
6182 1994
1312 6777
6463 1524
6136 4463
179 2092
5301 845
367 2950
3077 6121
1211 7322
5346 1188
3006 4798
2695 6078
403 535
1816 1157
2633 7499
4294 5699
3588 5079
5417 6757
5548 1704
217 2587
3005 7491
622 6056
5108 3221
6284 4160
2013 6470
7237 4077
989 7462
7141 550
5243 5729
1133 5927
1657 3371
2843 6548
7308 6428
961 6580
4856 3117
3814 4746
617 716
6548 7469
1930 4660
6252 6745
4234 6283
3000 4992
2045 3562
5195 2530
155 4170
4426 5029
3268 4379
7309 5760
363 1246
7400 3837
2840 6367
4379 5437
1556 667
4571 495
7255 930
3755 5556
7097 3084
2389 626
1787 2212
2534 770
2968 2262
4605 4628
1896 5417
5306 3689
145 6708
7022 4590
1744 683
6884 3471
5705 4020
4551 85
3792 4319
6011 6857
1967 973
2458 6406
3554 792
2620 2178
6686 4719
444 4355
497 5007
5892 276
6721 6339
2179 6401
6799 2220
2214 818
1154 6568
6413 3588
5280 2348
6958 2300
7079 399
4161 2034
2240 5037
2330 1013
1184 5107
3285 884
5820 1365
113 1384
4799 7242
3859 3071
7298 2366
6271 4564
99 3574
2911 6196
1208 1964
6978 5621
5578 6817
484 2908
1265 647
257 4156
1247 6730
5067 6853
369 4633
3227 2195
5960 6529
5614 2403
5788 866
3104 1650
4913 4419
170 3264
7363 6239
3441 1747
3552 7031
2510 3701
5074 3018
6975 3875
1566 1738
26 1139
3207 2153
6944 3007
7228 7124
6060 5671
1110 731
1782 3868
4572 1793
3842 2190
283 3745
4894 1619
5924 353
4691 857
1367 1171
2010 2290
1206 329
4069 6622
3619 2656
1919 4509
2498 800
6914 917
2591 5829
51 3666
6263 5630
5716 1068
5300 4447
1869 5137
294 4944
1007 5984
4135 7125
1332 3873
1639 742
1830 4918
4948 5107
3024 2241
307 1300
5490 2422
852 7493
4877 576
1011 2478
5410 5303
1003 3005
6346 4285
6671 1740
1574 5230
3127 6524
131 1252
4780 2298
2380 3878
4063 4593
7115 7131
6867 4520
4170 166
2537 1482
7171 2017
5551 1659
110 731
4504 469
2021 5631
4435 2755
1840 1514
2150 7208
846 3602
3881 7360
6819 2860
819 1434
2496 7190
7493 1097
3700 1705
3081 216
2329 5530
5456 3311
2330 4960
6706 3125
4306 3898
641 2515
4281 5421
2465 1714
4060 1560
4871 800
1579 222
4401 2343
1687 1087
5713 5246
7126 4491
908 812
2462 739
1741 5882
456 3798
4270 1148
329 1699
1986 2159
3045 111
2427 6737
2611 7042
5818 6874
6193 2793
1713 6226
5888 2075
6660 1459
859 5783
5735 4813
5596 156
7295 594
2935 628
2379 2178
6166 426
7305 3103
2076 6408
6149 1170
6050 388
7197 2347
1059 6137
5950 1421
1051 1291
106 5309
6374 6579
1070 3191
4774 1681
2682 289
3546 3731
2510 2480
6841 699
75 2308
114 7444
5731 3064
5109 1789
1625 7294
838 89
6869 424
2076 2498
3498 3447
481 1341
641 1614
4220 2797
4801 5046
1939 6195
7163 6317
2130 4686
6448 2545
7304 2318
7332 167
2504 3791
6625 2603
7131 723
6677 3194
312 1539
6693 7265
6123 3269
5002 4643
2374 1378
1800 5758
2021 2076
4057 1846
222 1906
4447 4899
3316 3331
369 4387
2667 2092
1862 6939
5260 2577
4679 6619
3821 2145
1150 2003
5504 105
5468 4301
6892 414
5129 7432
2140 4166
508 6113
6287 5573
2540 5996
1728 2860
549 97
6211 1441
6908 5313
2222 6696
3166 6479
2653 937
6006 1214
7232 288
1873 1773
1879 2482
6945 7048
4904 4528
4054 1936
2751 445
5264 778
5374 942
4069 3328
3230 3046
706 5513
4542 5628
2687 5751
2766 1619
5304 3725
4443 3761
4542 5437
5921 3045
6551 5434
3789 927
3520 2987
4912 1671
635 264
5996 2160
1452 1773
3305 6894
145 1408
4879 3156
2850 2374
2374 3551
2462 6677
6409 6705
5894 5603
3787 725
4849 1731
4835 399
1797 2900
592 2286
5504 2715
7092 7329
5943 586
1928 1131
3984 6873
5688 6802
1518 5412
1403 2909
1337 789
2198 1536
3301 6471
7230 3188
3187 890
2183 1484
6722 4473
1825 5180
2436 2738
3836 3232
4578 6585
6576 4287
356 2132
5027 5320
5079 6662
3463 6524
4627 7057
4515 210
697 5240
4448 6259
5322 2604
571 922
5466 2698
6561 591
63 753
3159 5658
3184 3782
3939 1711
336 454
4051 4239
3179 4310
1645 1082
5204 4521
3090 2614
3036 7465
3127 3382
1614 947
2304 1957
3183 4493
4999 6380
5496 225
897 2167
3077 5079
2159 7175
7141 5918
1480 2555
2287 975
220 885
1115 6070
1024 5678
1298 1437
2397 5353
7330 2505
2519 4872
4089 6208
4055 6063
4951 161
4646 5751
4634 3346
1626 1267
5858 380
3866 3000
6330 4502
3214 2858
2281 2367
6482 1760
7220 2369
5072 5588
683 4674
6950 2616
3157 1118
6824 2472
2053 649
6174 3941
6487 6147
5610 498
6484 4276
1129 2577
3290 3865
6098 6276
3261 4888
6262 5529
3561 6603
6214 2622
3720 5928
1934 5713
1115 1928
5888 1595
4798 2053
6241 5775
791 2168
2934 5161
1691 3587
6021 3992
2711 7463
3292 6073
1024 922
1694 7353
6874 711
7337 2880
1434 2253
1372 2351
5250 501
5006 4271
6625 282
4779 719
459 331
3066 7276
3522 5104
822 4219
1322 6429
5932 1495
5214 5264
7473 6871
1967 5691
4168 4870
5688 3749
1727 4989
3339 1433
191 6194
5347 5359
4016 2514
5231 947
4957 2375
1161 3664
1716 6739
3215 3018
4370 5215
1810 4594
1126 1925
2707 6705
6383 4720
755 254
3366 629
1950 5444
1401 3442
1183 2317
3744 6940
2030 4025
4545 2182
3970 2681
7451 5732
5201 4718
2907 1453
7237 65
2747 2393
683 3608
2874 6446
3315 458
3419 6433
5905 719
2545 4715
4262 1730
4891 2441
2912 1768
6177 3005
5947 3081
2107 7417
384 4873
2825 2853
2826 2211
3563 4124
6274 5417
6749 4183
7187 1092
149 6606
4091 2369
2015 6067
3816 256
5950 1732
4350 272
6453 6271
732 4904
4829 1216
2626 96
4357 6643
4282 4079
6562 6702
6421 1111
2832 3885
5831 1933
7152 1320
6146 7434
6616 1169
4520 363
207 7070
2680 3365
922 3529
1338 2929
5895 5551
2345 2854
6683 5706
4448 1754
6404 1215
3284 5794
2127 5194
2617 1068
2820 2786
2199 4347
402 6580
422 4794
2624 3107
1957 732
6578 1715
4256 3284
2615 351
5181 847
5968 11
4113 7406
2009 4986
2814 2302
3158 4571
3318 2397
1413 882
3937 1771
1914 5677
1016 2373
7151 2339
2530 324
4634 4581
2047 2909
3699 2048
835 3168
4822 6878
2900 1514
933 1576
2523 2364
2594 6363
317 632
559 290
4340 7262
5337 5528
4359 4700
4146 7158
235 3450
6054 4035
4679 3752
2389 5541
5298 6372
75 4551
3646 2335
3564 1585
4877 439
1585 2272
6972 2994
2146 6663
6878 841
7374 4481
6994 4723
4027 32
5770 6380
4947 7372
2831 4110
2524 1968
4783 5907
2502 2822
3291 6703
5086 777
1933 2111
1036 4116
2711 818
1698 6889
5773 1687
908 4843
7063 3167
7280 1896
6754 2316
2671 937
5752 5323
3543 6735
2330 4418
130 5174
1182 4232
1819 6956
974 5161
2764 1604
2139 5449
5340 1860
7345 3408
3041 204
2350 3800
524 6619
129 1118
7035 6998
3401 1505
5220 3451
1198 4244
1633 1640
6576 614
7380 1662
5569 7064
2799 1796
7268 2077
3722 3703
367 4041
2588 342
6084 1200
2675 3145
1632 108
332 5175
2343 5622
158 5532
3708 1885
434 3176
5868 2620
983 2938
585 6956
1659 1872
17 636
3633 5784
7402 1317
5081 4354
3097 1297
213 1118
4718 3004
3265 2708
4050 913
3793 4058
2935 1037
1941 2554
2863 1494
5213 7297
6640 3670
6306 6096
4179 5442
4694 3237
5076 2128
7499 4223
5896 4758
1290 1685
1904 986
1557 4457
169 1699
1893 2149
6016 4289
2206 3202
1004 5364
4683 7487
378 465
154 2155
3721 549
1319 4399
230 5562
1040 1787
1361 5832
550 2232
1729 1892
4346 7365
1720 75
5826 6660
5307 4460
2569 632
6144 4867
139 796
1700 2261
3866 2590
6716 3863
4062 1609
6270 4868
1115 2037
4050 7345
4041 1109
3490 2992
2751 6801
4364 1449
4792 952
7223 3531
2514 1011
6007 1985
2127 2444
7066 6175
6250 4525
6679 3564
6037 6749
4856 489
7084 4012
5656 2136
2339 3977
2774 1249
1840 2449
1437 4809
3323 4085
1436 5141
4045 5360
3760 3713
4558 2190
923 6249
1402 5472
1499 3910
5426 1861
3940 4798
292 445
2250 1886
2156 4428
926 2788
6433 1881
914 6652
6283 2159
1143 2358
2578 2051
1407 3120
6407 2995
4280 958
4062 3331
1740 6671
6276 3530
2229 4594
493 6152
5342 6325
269 2557
314 5928
7262 2788
2912 7321
1905 1973
5564 982
2745 7076
4166 3824
2252 127
3632 3467
1490 3085
7337 5230
735 4845
4187 6105
2732 800
816 5188
1284 234
7097 3149
4275 3252
2454 7436
5179 4601
2710 2938
1431 6814
6622 3020
2000 1250
7036 3338
1590 2608
2866 5480
211 4591
1107 4987
2965 1947
4197 5095
2642 5025
3191 1627
1904 2899
6437 1198
3039 2617
4118 2345
3930 2231
3006 5681
891 4372
268 94
2554 2122
581 6892
3052 563
7001 1325
829 6999
3417 7407
152 3771
4306 5467
3529 5318
7201 850
6407 6530
6544 519
291 213
2183 4822
4765 164
931 5188
5450 2240
139 7250
4366 2591
4940 2398
1246 1521
6583 7063
2184 2048
6636 3468
6746 5377
6189 6680
4845 4156
3838 437
6743 1697
5968 75
6758 3572
2385 6462
1634 3157
2807 1846
2361 5673
6253 2146
2554 2625
908 4815
7176 6400
5437 3055
3367 6635
5290 2289
3243 6779
5075 2002
6496 3275
7 5544
1142 6042
3747 1726
1143 727
23 4821
1113 1843
5523 1706
4803 6115
1279 4460
4431 678
1722 4650
3885 6702
5227 7088
6827 6918
617 4814
1444 6658
3161 7218
2254 2759
425 3484
2691 5384
635 6126
6994 4642
3895 3873
2263 4610
7225 605
6084 3632
5026 4803
3542 1608
2436 3265
3384 830
7121 5402
5462 912
5893 824
2260 4875
1082 630
15 5453
96 722
6976 6077
768 871
3149 6120
2913 3134
6837 6584
6178 2526
4032 4738
5227 2125
1569 1543
6730 1953
6909 2719
1075 5671
3929 2813
5943 1490
5532 1878
4570 2415
6132 6626
1299 2389
5161 1271
188 6047
7257 1827
6494 1257
5993 6560
6546 6943
2872 5285
3149 2619
2559 3884
1757 4645
93 5734
452 1852
604 723
2092 2792
7096 6571
4972 4773
4946 2776
4998 2817
2708 2353
6349 3330
4283 698
6481 379
6344 2556
3069 4177
5899 4099
4820 644
6417 1267
1880 1930
1081 4868
4803 2014
3374 1629
1222 6034
870 6771
1234 6567
4690 3193
1608 6041
204 895
5565 4833
6637 5360
1975 1133
2937 7372
95 412
2199 1310
487 5566
6758 616
5554 3291
5764 4288
3813 6641
512 6207
4393 4626
4499 3117
2194 6380
5082 2712
1202 4322
6235 1400
3874 7426
325 1134
5084 3467
6537 1767
2558 6832
1379 1892
1570 641
5668 772
6999 1228
132 1926
414 1205
4031 4627
1288 233
3116 133
7399 101
3222 2653
1567 1149
1699 7135
6127 143
6090 1476
401 4226
1207 7204
7482 595
352 6309
1321 1086
3242 2654
4878 2756
782 6464
5325 2911
3526 4494
6644 43
747 2331
3074 7060
4911 545
2241 6316
3653 6579
383 5410
5652 5180
4795 1294
1614 4326
3618 240
2035 6436
4968 2615
6776 6372
4802 4959
6980 6983
5531 2027
5056 4882
3242 7378
2029 3085
5118 1440
2356 3654
4361 2739
837 7336
2689 3928
7385 5292
944 3836
685 2240
3313 1091
3210 3062
703 5276
5594 3908
2790 2245
230 6258
7408 3751
1838 167
2785 5517
4854 1583
214 5230
5406 5039
2483 2461
2893 911
4683 7256
2317 5850
2180 5107
806 4520
5303 3262
3468 6964
7061 5469
3449 1414
2199 6988
6532 1250
6215 4090
7439 7451
6847 1861
1415 2279
5137 4167
4501 3587
6708 4772
4271 6205
3478 4095
5889 4696
1903 1941
5614 200
2161 4516
4190 6007
5268 5092
3060 6720
6287 3516
2003 4845
6688 239
7368 3430
1788 2404
871 264
2683 5350
2836 2098
4023 6336
2616 6815
4826 6802
7332 16
741 2745
563 7465
2522 5496
5355 1543
2986 962
5234 823
3724 2929
4022 2185
176 1071
726 4121
4295 4620
6282 4941
5002 2617
741 69
4153 2492
2066 700
6434 1828
478 4452
1430 2290
1027 5808
1472 4140
4152 4211
2163 7465
1079 5659
985 4345
4463 6807
6489 5406
4063 1266
548 5342
86 7386
4023 3356
2745 1660
3940 1750
7441 6868
2180 7032
3870 7223
1812 4074
1913 342
2506 2
4424 822
1770 2480
6468 6474
500 2726
381 7189
6128 6656
6338 965
4065 2896
1511 4655
3670 2770
830 3884
4019 170
194 1383
3714 5101
3969 7480
1545 1124
7462 1456
7227 6546
2266 5010
5821 5494
354 7250
5691 2550
4980 6476
4931 4582
4457 4334
5409 1496
1780 5373
7219 2114
2493 3202
6527 1564
3872 1465
6559 6648
4507 38
1961 655
5481 3307
735 2586
1349 572
1752 4292
2366 821
6332 3274
2428 2429
5812 7044
599 480
2809 206
2474 6282
1739 4691
239 3300
4157 3781
6593 3628
1020 1962
6765 1260
6783 2304
2450 6400
40 1731
2411 177
700 1026
6910 1060
4748 2379
2123 4583
609 409
1061 3008
5745 2683
5052 1031
898 6659
6734 1906
519 1471
2639 7235
4297 1578
884 1330
387 2758
4631 3920
65 4324
6645 2735
5653 740
6787 4030
1195 1688
894 4724
2618 623
5360 1436
5171 6615
4396 6636
4518 4658
2989 3330
1864 5335
1937 2614
5032 3309
4142 3733
3636 1580
7088 2046
2942 6180
3129 1943
6165 4666
792 6554
534 3068
6312 1996
3888 6908
5489 773
4487 6652
5001 3418
4364 5164
6268 4588
6392 400
5856 6466
4956 632
5142 3436
135 1330
2517 5176
1182 1359
4061 4813
612 1456
3119 2767
6680 4958
679 3554
3764 2052
6189 7339
7435 1812
2057 1975
5986 1592
2785 3773
1354 1518
6929 5042
5125 1062
6381 1822
6856 4015
721 4866
2808 7237
4360 3968
2508 5382
1273 5407
597 7074
2439 3668
234 3223
3664 6852
5779 7220
4077 511
5385 1201
2516 3780
1784 7132
4254 6209
6163 1275
2238 3002
2791 4902
1181 93
3855 2222
1367 1076
375 5442
6930 523
5716 4001
4665 6415
4606 6469
5372 5272
6159 3038
6187 2490
51 1037
3768 1669
6765 6742
2065 2591
601 5292
57 4368
926 1453
701 693
6162 7229
3978 4218
87 1215
3121 480
944 3797
1483 3955
6044 5348
6710 6363
43 5620
2619 538
3147 2913
4834 4625
649 7290
3063 6526
752 1240
1535 7277
2893 283
7426 2306
5579 1092
5502 1483
5945 4746
4516 2358
3702 3379
4033 445
7051 6502
4372 1119
5824 1978
1893 5754
3060 7288
377 2803
5854 6145
7041 5666
412 762
2256 3843
449 6788
3033 4479
400 132
7180 4119
3546 4307
7320 166
5472 5381
4617 721
5793 827
6843 4172
6793 795
4202 2635
43 691
7107 1618
3472 2604
5743 1888
1477 620
3655 6878
6973 1581
4480 2775
3518 1969
219 811
2646 4235
84 388
617 2740
1426 6768
985 3325
646 6961
924 1062
6373 2442
3429 1628
3531 3507
2002 135
1218 6474
1005 6803
54 6670
2582 164
2826 2784
4748 6120
2831 4900
1110 1227
7408 6978
2447 4245
3381 6262
6589 639
2892 4405
5119 5359
4096 6462
317 6773
7096 3416
2476 6282
5376 2616
6262 1585
1418 6876
1434 2134
7484 5809
1344 3694
2463 4162
1560 5424
5875 1451
1153 1961
1966 2557
6677 703
5978 22
4041 3903
6339 203
6541 3812
4213 6428
2533 3886
7289 5965
930 4191
4265 366
4720 4205
1521 1996
2184 5084
2733 2710
2525 2533
5080 2600
7487 4846
3318 5227
1283 4588
717 5261
7193 1503
3968 4892
3699 1653
2648 813
4401 1978
1500 5365
7358 4822
3457 2579
5050 1720
1121 4227
2404 3481
435 3127
234 516
5586 6585
4478 3820
3177 6060
6368 1739
4075 1562
5321 594
4188 73
426 6800
7040 5796
1669 967
6094 4829
263 2408
3808 3124
211 3667
3213 7046
1350 6252
2855 2607
3783 5752
1954 729
5641 6018
369 5695
6751 6915
315 6445
4451 6932
2641 656
822 791
4242 3316
870 4233
3627 6595
1925 3611
2280 5421
5566 6138
530 5006
5378 6731
3162 16
1496 3082
5982 3854
2828 5986
5619 1321
1564 4766
5123 2944
4812 1071
3888 7197
6524 626
6776 2269
4283 759
1250 6668
6094 3106
6309 5571
7002 33
432 6753
5058 518
1610 537
2453 4567
4439 408
7298 5739
1638 6898
3588 1850
504 747
2320 3063
6752 2046
3081 4489
1885 4590
5252 5097
1798 3751
4652 1131
1344 7196
4591 3423
6585 2010
2513 2416
7294 71
6021 3329
6902 5756
6693 1260
6278 4168
2191 6333
152 3794
1834 6104
964 4808
262 6130
5627 773
79 1887
2158 6916
2998 3775
303 3279
3689 4883
3922 3758
5044 1562
3999 5959
3356 7398
7078 6438
3549 767
4439 7153
5887 4105
1715 3866
5756 501
4798 1596
1596 4131
3618 1607
860 5261
4724 3082
2952 5583
3542 305
6587 810
6345 3487
437 822
756 5230
7373 2241
6604 5230
5803 6151
6314 660
6007 6087
1642 5451
5502 3851
684 383
5896 1214
5444 3895
263 1757
4054 3400
6976 6452
2420 2788
4211 450
4648 2532
2855 2444
5045 2370
1475 4598
3653 1170
4658 1574
3554 2271
4390 4230
5033 3640
2967 6944
5356 2468
6874 608
342 7387
4940 7180
6305 7314
3051 5966
7002 720
3293 6375
5185 4690
5246 963
2108 2299
1067 6197
1300 6260
4107 7344
2019 2700
1841 6874
182 4016
328 3500
5970 657
7158 266
446 1752
6084 5677
551 7290
4656 5114
548 7039
4057 1188
3467 5269
3691 4729
5707 2590
2062 769
2019 1502
4425 5436
6515 5258
3390 5957
7022 2795
6908 5759
1552 4527
5695 4551
2241 2089
7291 6981
5526 2472
5603 1451
1770 1418
5632 7492
5435 5437
6151 170
3286 6337
4767 3411
5744 3883
383 1236
7458 4933
7378 2554
236 3067
827 556
738 5622
1716 1645
4039 6348
2801 1552
2237 3011
2398 1421
2512 5480
5561 1978
6590 3350
2093 1854
2891 6851
4692 1216
4295 4127
3897 1787
7172 3536
2877 17
3384 5209
3359 2353
6411 2226
663 5718
2340 1359
4941 2925
1262 1869
2737 6249
6921 1573
7496 133
546 7090
1884 509
4923 4517
4469 6211
3370 3602
605 6989
2277 6326
3985 2094
2762 7403
7188 5641
6000 1200
5279 5026
4377 254
1146 504
2945 158
4483 3429
3592 6799
4624 120
4255 3130
6469 1085
169 6632
5490 4688
5423 6533
1338 2435
3276 3447
1401 4941
3047 1316
1415 1027
4613 560
3317 5886
5316 608
1463 4965
3048 1647
1331 5480
884 6847
4950 2749
4508 804
36 490
852 3777
4229 1292
4273 5662
849 3363
834 4452
2415 5037
5327 5642
2533 6539
1133 4817
6491 1009
5268 1307
1182 1986
2616 2401
4067 3356
1161 7224
541 2272
3 1127
4951 6321
7138 5051
1605 3918
5662 1864
5560 6982
7437 5130
7299 500
6443 6759
4757 3909
3899 1417
6877 6692
3977 4945
5653 5600
2463 3773
1822 5730
6567 6772
6863 6527
6085 2696
764 2974
277 6536
2233 2597
2732 5422
715 5232
4280 3567
1629 6558
3993 6889
5175 816
1205 1186
1716 4956
1350 4835
1690 5094
2650 1249
4306 6189
3164 4571
3947 4096
3877 4964
2030 126
5833 851
1636 5127
1891 6957
1313 159
7362 3873
825 5537
7258 3483
867 3509
4126 493
4511 2954
4839 221
2687 3167
3521 1461
5566 1079
677 7335
3117 4162
886 5289
4675 2041
2704 6532
6490 6193
4722 4751
7098 6196
1271 2083
3858 5589
4391 372
677 4361
6974 1967
3127 5866
5138 118
5788 807
269 922
4100 2608
3981 6344
2699 1455
2399 1750
6450 4987
1317 3145
791 60
4363 3783
7154 7139
3577 65
6069 3796
5771 2386
849 3233
3557 6297
269 5932
7264 617
3227 3376
7429 91
5405 6580
336 7453
5121 7145
759 1945
5528 3825
1872 6303
1323 6343
4252 1666
895 165
3234 7231
3755 296
2960 6992
4263 4963
5492 6700
3923 3227
2713 4112
2976 7289
2323 570
4107 6583
6992 6975
2116 6652
581 4983
3804 502
5745 5471
3082 1539
5048 2910
7150 2360
7054 429
3239 1907
2192 1267
947 4731
1383 257
6353 2612
1689 1453
4650 262
1793 1369
423 1324
1490 6978
5250 2191
3786 4086
7118 679
843 5415
448 808
2914 3573
1464 4397
7124 5105
4505 5203
7014 543
5803 6279
4904 2001
4869 1221
4768 6725
4646 857
4547 5638
2648 1763
6672 545
5749 315
7236 5857
737 2300
3218 5160
4224 28
5692 5820
4706 3836
2622 7330
6815 1714
3193 40
3322 276
3894 613
6165 2159
6684 589
3699 3684
2496 2426
241 4030
2292 470
281 2344
437 2393
2831 556
820 866
768 2068
7447 641
6437 4000
1729 5208
174 4324
1676 2639
5687 1835
6550 152
2707 5200
1020 3271
386 5640
3289 872
5178 1457
5143 3714
1854 4397
1881 1124
4583 5182
5169 2542
7472 2649
7398 3070
764 5536
1752 5344
4945 916
3703 7499
3883 3831
6002 360
2001 3390
6724 500
6975 1234
3776 4333
2153 2968
2193 2057
3219 6507
6228 3295
3481 6601
3538 6006
2573 4664
5328 5807
1158 4862
224 117
3579 943
2600 4979
7461 1915
542 6214
4354 6316
72 431
5611 3540
6257 1483
5078 2414
4432 2437
2083 1993
467 7052
756 773
6439 4846
5607 3830
1873 3652
3325 950
772 4915
6327 3583
4402 1957
3139 4653
868 2192
137 849
1362 5104
1243 7319
1421 3240
1655 1887
4687 1595
1538 5434
2220 4243
5328 1867
1127 1902
1518 1040
1341 3923
5791 2155
2179 6795
4064 5012
5830 5768
1894 1560
5706 4014
5736 1986
6668 5212
4364 1278
4680 2377
158 4067
5141 55
612 2718
7176 7448
6469 2247
2695 1996
228 6086
1967 2678
2766 4198
2727 1583
839 1764
6439 1118
6150 2188
2743 6864
5099 1547
5648 4756
4889 2905
5501 4306
1079 5089
2894 4062
3624 3117
785 3666
5575 5760
537 1143
3992 2065
2160 6296
183 6713
2691 7215
788 5044
7283 2946
576 1812
1470 7249
7483 5687
1432 5524
4339 6582
903 5100
6107 1309
2969 4165
4059 721
1913 1882
5427 7044
4791 36
6931 4392
2812 6256
4558 5182
3525 4172
766 5616
778 456
1295 5001
1666 6241
3485 1724
545 6537
6147 4224
1130 5228
6165 478
1567 6939
4402 611
6886 4971
6611 6140
1864 1508
2814 1079
303 6067
1666 5128
884 7328
2625 1211
2231 7188
3712 7240
2071 1970
3916 608
2484 2061
2865 5930
6151 173
2615 4787
307 3969
5506 1297
3325 4128
5010 6486
5983 1551
5027 515
816 1475
1343 3262
5827 6138
2929 2049
5485 5116
3957 1988
383 1906
4726 710
7069 2174
2210 2403
7252 1402
3424 5328
5690 393
510 699
2831 3887
4162 3069
1318 1087
3562 5373
6378 4599
2843 6195
2238 2040
5722 1233
5476 5476
36 6805
6905 4272
6936 4603
2479 5377
3966 1428
3635 1428
1623 7131
681 4004
2870 4046
4850 5013
6737 2845
7248 2279
1448 7455
500 1701
805 957
1509 2218
3376 4471
495 1760
3217 3075
1350 3275
4256 6417
3820 984
4492 3665
2196 4871
1244 3863
5320 1417
3226 1520
1062 658
4460 2763
7386 406
2935 2887
2563 3086
5082 2052
1355 1746
7116 2820
4556 3176
4406 2079
1585 3463
5707 4801
4836 2922
400 2631
1121 6887
29 5556
1310 2987
4425 986
4496 2350
1023 6259
551 4998
2049 893
6950 4225
4338 4382
889 7432
3586 4627
1486 2587
3457 5583
5233 5829
7209 4891
1823 2058
1823 4385
2085 452
7140 413
4343 3814
6115 6658
2715 6648
6394 3997
4226 2083
5494 1883
6705 4363
1995 7468
5063 7462
3880 1332
4279 538
2335 1841
1751 6259
5424 6285
7276 3775
1663 6534
2225 4234
6399 4675
7168 2962
2061 1028
4348 4750
5837 4725
3960 1828
2815 135
5304 7049
2484 679
4002 2192
235 4111
874 5635
4519 82
4137 2149
6110 6764
6587 7362
1936 18
6819 105
5980 3847
2429 351
5795 5619
210 353
791 4623
1646 963
4685 3873
1226 474
5317 5061
1678 1715
741 2108
2758 6269
4085 2411
357 374
6266 6868
5175 5208
1378 6241
27 3826
7399 3089
575 3036
3922 392
775 6174
537 365
3375 1037
6852 6405
869 5886
2057 5309
3290 5301
2715 16
5680 2797
3728 3788
6075 2713
7233 6426
5956 6038
5625 1472
239 910
1500 526
2792 6464
5007 3991
1241 1037
6565 93
794 2687
7416 2911
4252 5179
688 5010
1414 976
4375 4350
4229 2490
1318 7047
2707 4133
7322 647
5790 4546
5539 2806
2014 1811
5465 3595
144 561
5240 5000
1588 705
4333 1450
1730 5308
4413 21
2868 4948
130 5439
4140 3148
7428 2943
1720 6713
1210 771
845 4950
5412 4707
2775 4004
5888 6870
3773 5043
1916 1395
7069 6953
3269 3004
2407 2132
7126 2106
1799 6562
3094 5018
5912 3103
7348 2846
3918 4199
4488 1114
6850 5164
182 5365
4789 5494
3195 4015
3914 345
2193 2009
5000 3563
6824 467
5799 7259
318 5516
4714 829
4470 1327
2481 6471
7189 5721
4443 7131
425 5958
1391 1702
2967 3613
2786 5812
1446 1310
188 3300
4392 1502
7361 2251
5005 42
1486 4873
970 627
6800 2072
3407 3150
2115 567
1052 6654
150 1169
7464 2895
1846 346
679 2709
5448 2109
4343 3348
6744 548
3125 927
5348 4853
7193 710
4648 1821
2621 816
4963 5270
3425 3388
3950 553
3792 5968
3807 7092
1458 3095
6197 348
987 76
2634 2194
224 2764
6901 4161
7063 6566
6873 6092
5443 565
6333 4760
7336 582
2554 256
2951 1912
1918 3983
2094 2872
5434 5801
131 240
5254 4698
5083 327
1724 424
5105 2738
1274 751
5367 1098
6564 3045
3684 4677
7385 778
434 7157
2677 2518
54 5211
551 5454
630 3776
7035 1085
1918 2126
5163 386
4914 5008
6278 7344
1875 4763
277 5129
452 4392
5497 676
3519 2230
1480 2039
5760 1398
1848 3824
2709 315
4713 530
5095 1747
1258 1046
1324 6555
4899 3410
6489 5090
1036 321
5829 1142
5993 6648
1295 6018
6464 6301
6193 451
3163 335
1218 4123
1067 2669
765 1766
2636 4314
7210 2585
5772 1944
796 2145
1806 732
3803 3474
490 2105
1905 4991
2266 360
128 6667
938 7088
2321 2112
2040 301
7163 5851
5818 1063
2281 3488
4581 112
2486 5447
7191 2393
2423 1091
5791 3589
2145 2755
3080 302
2712 2470
1307 2821
474 31
677 5592
2696 5529
3053 4775
6316 719
7497 2204
3886 4412
6942 4962
4424 7220
544 1391
432 5598
1828 3648
3095 7189
1462 670
2736 2516
3430 4323
4113 1195
5318 1991
5518 7331
2008 5327
6080 333
4752 4145
5420 3746
3681 4909
3083 6453
1148 2255
1728 6717
488 2655
952 2960
2240 5786
3601 5680
6510 7197
6350 4402
2018 3543
5858 493
7279 34
688 992
7411 1754
3594 7314
6856 2769
4548 1388
2729 1994
7318 3276
5979 5284
4076 5949
1502 3613
4607 7255
1255 6440
745 1628
4111 933
1197 7463
2300 5707
395 656
2554 6090
2260 6216
825 4289
123 2199
733 1929
887 5451
1502 216
2121 6463
1785 5005
4692 1648
3974 1589
2417 3474
4151 4160
6422 74
6377 664
3446 6446
5406 2531
180 2097
1079 27
707 2949
2586 1007
6027 3159
6927 403
2724 1202
1803 5396
2439 3275
1305 6181
5011 3271
6673 3882
6062 165
6376 1687
2412 5445
1745 6839
3251 5181
941 1237
7152 167
4398 6058
969 431
4155 1997
7052 7099
5561 612
6334 5132
2721 1959
2391 743
2124 2569
6785 5388
2535 4833
2318 4165
7461 2399
2820 3466
765 412
2407 2308
6760 1000
5818 6308
3454 153
326 5245
2172 3826
2005 3260
3026 2434
516 43
5974 1119
2666 4207
4885 7126
2516 511
6228 4947
4065 1034
4806 2084
7140 2524
1712 2903
853 908
5157 6801
5493 3660
6570 6105
7490 7010
2893 2353
5566 3054
4602 9
2421 5899
2094 7362
613 5118
5136 5339
2342 2240
4616 6217
811 5092
2742 1192
6263 165
462 2067
2323 7293
3801 864
194 3510
2520 2969
2246 5016
3872 4842
4943 283
2090 7269
2742 2246
3523 7050
148 289
2347 2314
4170 4519
590 2642
1607 2519
635 2584
808 251
3928 1638
2972 6237
6013 3734
7088 6401
3864 3837
5996 2724
1705 3650
1058 3888
4411 6445
2386 3660
3251 581
692 4473
7444 2187
6354 792
2270 4256
5269 1874
963 7352
2777 1710
6734 1140
4075 1842
3606 601
983 7165
5603 974
3742 1195
303 6973
4138 1377
2644 760
5675 5550
6404 3805
4880 2282
2297 3954
514 395
5633 3479
2012 3957
4721 2914
6252 5398
3842 5828
5485 326
2976 3517
266 1979
2383 4967
4049 6044
3674 3564
7407 543
858 5169
932 5900
3511 2288
2374 3473
384 1948
4679 6391
1501 7486
454 826
7032 596
4721 7
1921 6255
2821 6249
6587 6618
2018 3310
357 3173
738 3635
7338 767
6202 3335
735 6368
5206 696
6071 4010
2190 7431
541 2822
6506 772
7084 5837
6052 7321
596 400
2927 6207
2263 3501
1506 4366
1238 5806
6001 4243
4628 6011
3988 4318
2967 1775
2425 6616
3838 1031
6134 5773
4035 3127
3024 3387
7123 5373
4246 5887
6958 1435
5361 452
1011 1775
3656 3716
6531 885
7059 5673
5192 5093
5259 4661
5694 1129
2668 1910
2973 1733
2471 6729
1114 5805
7147 4904
4487 375
5942 941
100 6081
923 309
5879 6025
7282 4445
2946 2100
1829 3431
1515 1164
2862 5989
808 250
6131 5253
5016 5758
2068 888
4902 5299
1503 2061
2965 4634
3224 7460
1676 4526
1168 2964
3863 2651
5304 7144
825 1612
1490 2181
3955 3657
5083 7433
4997 4229
997 6178
2956 2067
434 7149
5195 4523
3318 753
6098 7063
49 6767
6444 6498
3677 1368
1443 2905
3319 1253
1382 853
5204 6281
2894 3464
4046 1705
549 4127
7278 6947
6495 4471
2984 7189
1585 5391
4765 3804
3336 6426
4745 5730
6722 2157
357 1561
4048 4231
6563 6489
2587 2223
3695 4789
2658 5257
7320 365
5620 2241
207 3986
1786 5476
7275 6263
3460 1324
4583 699
849 1875
6352 4798
5432 1203
3069 5352
1052 888
179 6147
3550 7125
6480 653
1793 7400
7113 2214
5126 2636
6576 5647
3930 6632
1039 439
4381 3674
7261 1153
1787 5181
244 6658
1093 6803
233 404
4084 4489
3684 3531
942 2932
795 4015
5290 2304
2772 7131
5656 5619
6432 2209
545 2381
3611 6597
2166 3869
1354 738
3520 470
4744 5614
4788 3362
6560 2113
3185 7303
4269 1062
4802 4056
2935 2217
2088 538
3553 3040
5824 4961
580 6148
2665 2548
2003 1626
504 3768
5632 258
7095 6984
310 6515
5435 2324
4214 5036
377 1179
6535 3399
4968 5341
4953 6758
3381 2791
3354 4214
7347 937
3884 1600
5268 1548
637 993
6184 7005
3195 4946
3044 1320
6506 6984
2549 297
5225 5388
2170 6396
1685 2086
4643 1439
2692 6335
4308 4600
5977 4664
4774 3096
2231 5165
3088 1680
802 1514
1056 3178
7364 6693
579 730
1109 2957
3478 1196
4070 1849
5715 4509
1100 3139
4595 2166
521 3535
921 1896
4598 2250
6019 4186
4229 4300
4803 2863
3433 6978
74 3392
5251 1820
3932 7049
999 1718
3670 5175
1792 6992
5951 765
3568 4191
5924 181
5795 1446
2060 458
338 645
6296 3459
583 4729
3043 4602
2403 5288
5484 5522
5527 4110
3247 3
2963 5292
869 3084
5185 1120
1500 7497
4748 3149
598 5273
5199 1244
2477 5649
3420 1028
3915 6671
1949 798
2419 4826
3463 2392
940 5646
4853 3739
5384 6666
1466 7318
1455 2548
5105 5661
2161 1889
745 3734
650 2574
5369 7374
3372 1526
2013 5659
5022 813
5810 4321
955 3008
7267 7283
7121 3574
5644 5579
6687 2003
2843 3677
6605 7427
129 2275
2486 4549
6230 2441
674 7380
5304 2635
965 6461
5621 5647
3860 3846
407 733
1963 7319
1075 1996
5574 3660
4645 3931
7180 2794
5571 4363
5593 5585
125 6247
707 2900
7124 2382
3903 2026
6189 328
7389 6446
4459 6571
2505 3538
5003 5971
4131 242
5360 7147
5413 954
6320 5022
6639 1742
5802 4650
1064 3621
6520 5324
5076 7256
414 4177
865 7318
3535 2376
6490 92
5348 5627
596 2821
2387 2094
1167 6880
7466 1397
3849 7280
3924 1741
2985 4173
4059 5622
7423 1604
1230 1951
6989 5011
3265 2027
189 5562
1379 131
1601 1401
5283 288
875 1667
834 3626
3495 226
1876 3948
1194 5432
4773 2474
2192 1957
3275 1137
744 1374
1929 2195
2326 4486
517 2639
6101 571
6744 445
2503 1455
901 4104
4449 3783
5717 4251
7451 3392
5215 5087
2824 7204
6137 3431
2846 3159
4057 3905
6365 3775
78 5124
3683 6085
1113 1569
2627 4625
447 759
154 6727
710 905
4455 1615
128 4850
6356 1574
4550 5639
4179 5630
7109 6856
4085 427
1117 7178
1024 351
3972 5930
105 5063
6941 2954
4926 6508
7364 6512
5804 1577
1429 5599
2663 6341
5682 462
5512 2855
3554 6710
4603 4976
5044 847
427 1797
6577 4482
5991 4150
6317 7002
2886 2602
3727 2901
453 6239
4822 7036
3575 4680
6114 3369
3142 2878
5556 3591
1672 5440
807 2983
200 3783
1083 5970
6674 1852
231 5427
6169 7491
2453 155
6467 6160
136 6902
2266 75
1977 3591
7345 5102
5230 2979
5560 414
5645 366
1 422
4796 5222
5979 1558
4093 2217
5776 1906
3747 164
989 895
2137 2169
309 4658
7247 2957
4020 1045
3475 7402
5473 2561
4685 1237
453 1604
6174 4646
6217 2939
1149 6700
3706 1547
5032 4006
5700 2049
3702 2426
1289 1922
2757 681
50 3564
3005 2647
4435 642
785 6085
2231 1094
1722 764
386 609
2854 1951
3650 2091
404 1768
4322 1264
2580 4919
5058 2762
4080 952
2432 6600
6652 6326
548 1234
5269 2827
2562 1601
5334 1950
6374 2357
1530 7223
6825 2826
2690 4730
6182 760
502 2822
3296 3926
6711 999
250 181
5736 6098
5650 1656
2187 1400
1142 6679
1533 4202
3323 925
372 1739
5876 3662
1437 6822
232 2385
3442 4590
3343 248
994 5571
3926 7021
5918 2183
820 6989
7202 461
5007 6396
2053 7360
2083 460
4201 4983
1702 1317
2139 1619
2656 1904
3142 4618
505 2690
6661 5871
4144 4213
1869 4034
3150 7041
1955 5870
5796 7064
6652 5215
2399 2786
1395 357
609 1830
2819 7230
3281 7254
668 4955
3118 1869
1289 5942
4574 2579
4656 4306
4313 6429
7494 2775
4931 6178
3134 3620
6458 828
6627 386
4786 2603
7452 3203
1207 6318
4336 3011
941 7216
4783 6501
2347 423
7127 1402
2198 695
5758 53
6026 3024
2139 1903
4100 895
1023 6421
7230 2130
2618 2970
2497 823
2417 6442
1777 3151
3115 3243
930 2883
1027 6248
7409 5091
4312 3223
4004 4149
2360 5203
5675 2748
2484 2605
6091 6393
444 2458
4788 1902
1983 1846
1190 3657
310 1475
1935 3636
5385 4117
364 475
3040 305
1821 3249
6943 1404
418 6022
6805 1537
1368 2504
2350 1613
3631 6876
2516 4074
2256 3696
6990 5902
6858 6859
3138 2701
5781 4468
4789 138
620 4411
4148 2250
815 7124
2689 5953
2731 1166
1302 537
429 743
2697 6204
2816 2516
6609 809
1707 3951
1780 7338
558 1611
4470 2877
3327 1928
141 1888
6976 3116
5037 86
6340 2102
4929 1530
67 400
242 2306
1630 1842
2160 4196
7306 7489
888 1632
4963 1460
937 1399
6712 6138
861 5526
4873 184
4093 2461
1742 1786
6615 1245
4290 381
4184 2268
1614 4086
114 7449
5459 5029
980 5028
1361 4974
7308 2170
2530 4868
5648 2176
2310 2132
160 28
3864 1024
2510 3529
1128 3817
547 2588
4779 2318
2845 878
7428 514
5126 2424
6620 4384
4572 2605
2341 1620
3045 515
1626 704
2546 1537
206 5021
970 727
994 1088
628 5074
3108 6877
5592 2634
7401 353
981 3385
129 2249
3545 6157
3498 1874
2993 221
4634 3079
1837 1152
921 5891
7098 6627
5286 2004
956 1128
5372 4903
3322 5394
2056 4869
3231 2367
5166 349
3032 1892
2937 5859
4396 2536
4495 1820
1743 639
1800 6507
3442 760
3565 1396
485 5937
1069 6519
769 1930
6127 7118
2877 292
2146 167
3200 1664
1100 4988
845 5743
3869 1380
2726 1571
3928 1431
7121 1007
3891 2528
1144 3215
4160 6878
5758 1271
1406 200
2087 3529
3565 1966
4252 7189
3149 1645
2062 2864
6645 2336
6445 5630
2343 352
4876 740
5330 4997
4175 3482
400 6038
3448 1822
6521 1314
610 6941
2715 6724
5643 2446
7212 3796
3744 744
5169 220
6870 2467
224 2546
3459 5558
4808 3050
2405 1947
1715 2198
2059 1031
2041 2900
3722 1008
5912 4336
2641 840
1743 5735
4895 3200
5806 2887
5592 2501
5874 1971
5967 6937
4209 6694
5960 5074
1081 1255
6470 5986
2817 2836
2062 2702
6472 5215
3053 5701
2081 5160
1858 4171
1106 1148
2627 6435
6769 1330
6177 3477
4068 5288
5686 1095
5188 440
7123 4002
1040 2715
5947 1119
4279 4061
387 4784
5339 7123
785 7489
3992 890
4874 3683
3752 7313
4610 4992
2272 3568
4287 6034
851 6757
6687 260
1733 1795
2533 3247
5435 1950
3771 5302
1497 6183
3139 5448
4464 5696
5591 7121
6521 1249
6512 6935
4657 884
2641 3638
5934 4970
313 3350
423 1971
2349 6413
6364 1928
3218 4792
2308 1947
5867 5381
3814 3556
1069 5106
1693 7277
6631 2272
4296 546
5969 4799
5469 1718
7308 2105
325 5220
628 6645
4548 5258
2880 693
2513 6592
4041 3397
5305 7468
6950 2902
2560 3960
7063 3287
5476 6948
6321 3351
5893 3745
6812 655
7365 6175
4954 6517
2496 7158
4903 182
1126 2718
941 4204
1400 6925
5043 1599
1169 1739
2760 6604
4974 5297
1685 4526
4860 6291
1404 6621
1872 3162
5554 7268
7119 2118
5447 2159
3179 5707
3791 1269
2854 3919
1288 4174
157 3919
1171 1048
6976 6457
331 6352
5816 2282
4604 4171
1457 359
3844 3310
6205 3733
310 6873
1840 3649
2716 4814
5090 3681
7315 3830
3026 7164
4164 3332
401 6456
4782 3675
7366 5626
6913 8
5490 3054
1200 3383
7479 3744
2166 2110
5385 5245
1873 3322
6737 3334
5909 1123
5161 6242
4604 4030
3 2262
570 3297
2694 498
4567 4181
347 3950
1586 6831
2188 338
2920 1633
738 3969
5650 5070
1814 376
943 744
7348 5782
5465 2689
6772 6711
5766 6612
5514 5257
5834 7349
1817 435
2699 3888
6759 2368
3919 5502
7247 4210
4693 1437
6342 5332
6831 7237
2381 1920
91 6310
1779 6301
5885 1080
4752 2724
1976 4364
6349 1197
5502 1501
1767 7201
185 6355
4738 826
2540 4403
1753 670
282 3623
2767 863
74 7283
691 7258
4298 1040
1500 6703
1620 952
1179 4536
2622 3387
7402 1366
3917 5388
2719 2388
3210 6759
788 3002
1296 6073
475 5301
3628 4564
6321 5099
2462 1613
4295 1925
3183 3731
3317 5035
6719 5498
6546 5829
6465 3360
3628 3015
6441 3610
4600 7442
5366 2514
4513 6849
1132 5248
166 3272
1079 3675
876 1580
4872 5254
4692 1043
6543 6222
6329 3887
5450 997
5830 4597
4405 1471
3350 438
7231 196
6288 1961
4616 5154
581 1018
5175 1093
2060 3444
5854 6988
1440 6778
1971 966
636 386
1313 1433
3271 6009
872 4229
721 3957
18 721
4958 1125
3430 3601
5606 4595
4101 3987
3992 5935
6150 4699
2771 5955
6349 2240
50 6972
3648 3169
2058 48
6034 2293
6945 3694
2605 5599
2129 2681
3214 3224
7171 6841
6243 1441
4861 5182
3832 6364
2847 758
2536 1586
6965 7405
66 7086
2108 1643
1887 5444
5606 6043
4958 1113
482 3237
2723 742
4908 1089
2656 3071
7077 5317
4593 3529
2543 5379
1498 5717
576 348
3302 1435
5224 3176
2714 3119
3083 2312
3891 1067
6875 6203
6440 7445
114 1636
7355 3918
2864 5424
2802 5695
1292 5791
7001 4371
4391 4461
3890 3254
945 7141
7012 4157
110 2070
1612 1849
4312 929
5656 2740
1215 1786
1513 1921
1869 425
6696 7388
4552 4551
3824 7346
5336 1501
7206 4870
2057 4862
3245 4032
548 1237
6913 3020
2601 245
1481 3994
4694 1486
4204 5097
7385 326
580 2950
947 4074
3388 1499
4440 1919
2768 1779
7025 1656
2741 887
1945 5828
1707 346
6583 4776
849 2061
3692 3707
6688 4653
6228 6177
2308 5233
6398 1089
6990 2787
6272 1857
1903 2367
1479 1361
6583 4366
2007 4200
7162 4948
6639 5032
4987 6108
1309 3365
1886 3402
827 3852
4271 1167
980 6732
1807 1100
5444 2117
426 4233
3441 983
4970 2500
6607 6300
6863 756
1263 6885
2280 4004
708 1694
5045 5506
2853 4118
2413 2170
7362 4698
642 2223
6613 584
23 6151
1200 1843
3249 94
5612 967
6073 799
4439 6347
5108 2140
1907 4859
3700 2471
434 958
179 3541
4409 2881
5313 2646
4441 5112
4622 7321
3622 1937
840 2729
1522 1854
763 64
1010 1491
5255 6931
1039 4893
2458 3023
584 577
817 5622
3282 2820
1358 756
7000 2006
6988 508
4120 1581
2171 5970
5605 3463
863 107
6519 556
4339 1075
3460 2041
2780 6153
4991 987
7192 3719
7307 233
5748 6996
3700 2127
1429 3508
7250 2047
4866 4163
2403 446
6924 3757
1221 7106
3256 2519
4977 4239
3293 1137
7384 3074
3510 3952
524 4333
2766 90
7150 3485
7168 990
5353 1616
1177 4232
6847 6131
4900 1179
5314 3703
4122 4582
7498 777
7474 5595
5169 1816
4350 4076
2004 1282
5022 5512
6348 3683
2277 4076
6059 1497
5046 4998
583 1643
4961 5104
5847 7281
4602 3285
2022 700
1948 3157
3492 6126
5694 7427
4048 2319
3606 6492
2942 7361
5923 1873
3428 3177
693 2623
4772 6939
7070 7274
3988 6880
3383 2684
4638 1098
1703 4940
3945 2868
5459 1971
6896 1571
4151 2229
5817 4900
2332 6063
84 5742
1107 2344
873 2610
925 4297
2399 678
4987 1301
3843 5423
884 505
5904 5846
2459 1461
6452 2296
4351 4591
5732 4001
2606 7219
591 794
637 3515
4181 4326
1494 2088
2809 1364
4722 4902
3111 3657
3801 4724
407 5487
1543 3982
3198 2097
2724 3662
1896 3693
995 7362
589 6807
6574 5737
740 2163
7377 5383
1852 3322
1261 1501
6777 1169
2043 4088
6680 4217
77 2114
5122 4605
5152 1040
670 6122
532 6253
6039 1081
4903 2974
5423 4351
2864 3317
2579 2981
2207 1516
1747 3100
1144 7372
7302 6913
6953 4553
977 2738
867 239
3911 6234
73 3181
4769 5967
479 870
4399 4676
7461 4129
6487 3031
1808 461
1371 5113
5495 7305
6149 3840
2098 6452
623 570
1191 7304
3404 6104
3979 4760
4146 3143
375 4419
5312 5642
3454 1343
3938 6512
494 4875
3399 7448
1725 4060
1598 543
7250 918
4638 3924
4140 6885
7195 1999
3638 6126
532 2434
1547 4068
5451 6263
2005 2614
4677 3432
1100 666
5838 3739
7437 4266
845 6206
7495 167
7491 1374
1852 4640
4894 734
809 7048
6156 6179
2814 6149
5693 549
3698 447
5594 3605
545 1436
3614 553
1087 1794
2726 1399
4395 5208
3839 1913
7256 5333
6426 7064
1088 5493
5465 2892
1670 6172
3625 175
4646 2516
588 6310
1846 3377
4863 4104
1487 4835
5166 796
1836 3808
3946 6882
7387 3381
3535 5645
433 6966
5263 7187
6923 4619
7195 5788
4274 3989
7438 6975
2471 1712
15 4043
2627 4267
4458 3245
500 71
3244 3387
833 6287
5558 2700
4031 3043
5612 4981
2481 2438
3115 6708
3192 3434
3761 3014
5234 6623
1879 6115
6228 235
1339 2348
5043 3684
5331 7168
7088 7446
4326 6552
6050 4935
5338 6487
4891 1232
6617 4274
6570 3818
4 2675
604 3629
2205 4936
6918 4895
2948 5554
3802 1196
2256 527
2775 1893
4614 4633
3966 6114
2987 24
2019 2653
2778 726
2404 3563
5396 6076
2968 7065
439 2791
847 3244
4368 385
485 6284
5861 606
5216 2447
795 2418
1606 6352
6692 6483
5455 7466
6367 4503
3490 6767
5782 1056
3646 929
4696 4443
7432 335
5108 6846
6408 3363
995 5232
620 5735
4782 1165
5135 5689
3618 7295
33 3683
1859 4220
5782 2279
242 229
7314 4571
5042 202
3904 301
6793 4667
6742 4249
2220 14
3255 615
2088 782
7226 1814
5859 552
631 665
1918 3968
3119 7434
4628 1962
7120 532
7416 373
3057 6713
4394 3508
6767 6963
2063 6311
3701 2782
625 4556
1462 4939
1021 4843
5072 5824
1152 3903
3415 2663
4988 4718
6678 5579
2032 5378
209 4625
1293 148
3811 4608
7426 6438
2070 3975
1750 2408
2138 2910
4197 3656
6006 2087
6496 2263
3609 3490
241 4509
2339 2784
5487 1096
4782 792
1745 1596
1500 6162
1413 6002
6730 2760
6407 2075
2950 2710
1626 4726
6904 3002
5486 7314
6510 588
319 6089
6618 6666
1387 5516
3664 707
3102 624
832 173
929 4560
1817 3364
1576 83
1683 1441
5587 6392
1291 619
3332 1537
4144 1121
3494 3418
5268 5317
2125 5874
3903 5203
4564 2150
3826 5852
1427 7056
3180 4980
5959 3333
1893 2226
1450 6579
2873 4548
3435 2178
4776 163
6874 7349
5489 4491
1704 2743
1448 3658
1882 7139
3255 2845
1198 5832
5596 7024
3581 653
2273 5903
2426 2368
6832 7056
1840 5646
4985 5404
4868 5375
7337 2916
1521 941
3864 5033
5316 5382
6895 1843
2121 4941
1258 265
4963 7030
4691 2766
784 5679
1012 3593
2104 2933
2449 743
5040 1711
6502 2565
6248 7047
6476 5196
5714 1527
3485 6594
709 7083
2288 6381
976 43
1057 5330
449 6868
6735 202
392 2366
4124 363
1516 7488
629 5914
2251 2135
4158 176
925 612
4866 7167
4651 5625
1287 2450
6785 5946
4289 7091
2446 2476
480 5068
6726 6053
3955 4768
6521 4681
7094 184
3634 309
1468 2082
6 3818
1249 916
6462 7104
94 4535
7170 5188
6303 5305
319 458
1159 7106
2559 739
7486 3972
7084 950
4023 5213
6655 1134
3661 1992
110 791
6665 997
7131 2664
6024 3589
3835 4913
7149 6322
1901 6976
5284 2292
5607 3693
3304 2333
1247 4837
2220 2656
6258 2508
3984 2792
1646 931
1626 6383
116 6220
596 3261
5556 277
1327 1159
1807 5581
5130 6824
1114 2912
3775 7470
3661 6609
3804 2796
5471 6010
1386 6971
432 2329
522 5378
6874 4785
7045 3382
3468 1230
46 2249
844 32
5757 1287
4520 2468
3575 1415
4371 7230
5575 7364
1674 5287
111 5759
2789 2002
2979 1922
3310 3833
2996 6117
6087 2144
6461 5208
5002 846
903 7418
2819 6274
3403 1864
6401 5128
1396 6285
2106 5128
3277 4353
1052 927
5120 4835
6362 1793
483 6947
4240 6098
2639 5935
1134 1191
6015 474
467 1908
6998 5999
7440 2619
2680 1639
2790 6892
2682 397
6778 543
764 1317
188 1813
563 1411
7182 3098
1443 909
7322 3050
3359 2104
6425 7152
1798 791
361 2447
4036 1304
733 3651
1957 1823
1011 4247
5625 6028
4751 1147
2141 2796
1154 7152
3349 2687
4074 2639
6123 4601
2568 4006
1203 2439
3937 5681
3963 3627
6633 6777
2628 2458
4589 458
6966 5288
7336 4338
1360 4301
7185 4151
5840 7491
3007 2701
5562 6676
3692 870
4382 1009
278 98
4091 5568
2051 3939
1185 1414
2412 668
5527 5823
2928 2863
3122 2370
7254 857
5128 1080
3072 2201
5780 6297
6517 2641
3657 6933
5526 1984
6033 52
1396 6150
2620 127
5905 6126
2897 6013
576 1441
2892 2150
3306 1928
2937 66
199 5652
5380 6077
5040 1943
7174 2038
1138 1002
5963 862
7430 1676
4947 3035
6619 1034
4794 6636
2045 4373
2591 3711
5455 4304
2292 4960
6111 5483
4144 2299
360 5690
1637 6781
2745 4298
5989 6699
536 1668
1519 340
2058 4112
3521 6232
5321 1509
5220 88
3774 86
4246 224
5323 4852
667 823
6528 7329
767 2421
338 5292
4131 2027
3943 6422
1986 7495
3133 1413
702 4126
2929 2994
5175 5610
3595 2225
6451 7091
5799 1171
2598 964
442 5767
132 4618
875 2233
889 981
1947 1667
4965 392
7259 6439
680 7498
3528 4091
4063 988
3359 5227
4084 3529
7286 2948
410 2027
394 3469
4481 7468
5019 2615
4408 7037
2769 7273
2547 4918
2025 3837
6151 2066
6111 1476
3880 2781
2768 1715
2331 3275
5299 1719
985 2046
5380 262
6698 7326
7394 664
6676 2040
2210 817
694 6549
1694 4955
5605 1136
282 4250
1842 19
4520 7398
6918 3306
1655 6417
70 1109
2731 2114
1565 144
4387 6945
1518 4263
3 3568
2262 2570
2155 6181
6991 5469
7199 2061
682 3468
1720 476
3598 531
2107 4342
613 3736
1900 1877
5055 697
1038 60
3876 1235
6994 7320
3751 1623
1489 5836
3105 220
6441 4367
7010 3621
6662 6337
1922 173
1981 6629
4850 5424
786 641
4846 5120
2199 1003
4166 6552
5132 440
3424 5660
7336 1098
4685 4537
720 1290
7097 2005
3374 1154
1872 7446
833 4803
1994 3671
6731 519
4207 7336
6379 1674
3020 6244
2964 2446
4461 968
525 7143
2271 5953
2071 6148
2747 645
1896 3288
2887 7138
5473 2712
6533 3123
255 3217
4858 3579
4777 4536
2685 4715
6465 748
6796 4783
6323 4087
2365 4816
1098 2525
3505 3813
998 7154
3506 1167
2049 3659
2647 5061
6439 1755
6392 3180
1607 801
7193 1440
5215 1192
5671 3783
27 3210
6357 5610
5852 622
4217 1744
525 5446
971 629
3401 6956
4669 636
3276 735
4572 1077
2490 2460
4257 5422
5831 6053
8 3226
3053 621
3193 7114
579 377
412 3023
4344 1331
6527 3713
5851 6538
4537 4187
5548 477
1621 4127
1307 6851
3150 5715
2991 5818
7310 1232
5538 1203
2566 7105
2515 3074
724 2555
5000 337
6460 6020
3537 1686
7411 4030
3916 6864
2594 270
7387 2763
4385 4760
4439 2545
3359 1169
4826 175
7368 38
5100 6952
2388 2638
2041 3654
5340 1535
3002 1878
7490 4721
2156 6206
2662 1012
5197 4530
5094 5519
5850 2012
126 4236
3533 2891
4501 4058
5792 2297
4198 4044
5293 5503
5786 1580
4555 5354
6792 2721
7129 2792
3318 13
5374 69
5480 6285
4696 1374
4443 4304
1549 1009
5648 7298
2815 1434
6100 5430
3435 3270
3898 2339
6421 3334
363 3152
3625 6018
6705 1933
257 5410
1479 5872
5077 6337
668 2559
1323 4937
406 2391
5116 158
5430 6734
1311 2954
3973 3530
6485 2064
780 3214
7156 5119
6711 5465
876 1110
4378 6695
1130 7498
5802 4006
7103 4623
6243 4782
5744 66
2438 508
60 4982
556 1145
6679 6502
5227 5761
2884 3
1029 6578
6502 2307
1447 3559
806 6213
6252 6684
5520 5822
6138 3051
4002 2962
1556 2552
2533 7311
4049 1042
5175 859
2823 2442
1645 1832
4959 4223
4794 6301
201 3150
1027 2314
2479 7170
168 4532
3407 6047
67 6422
3632 5804
5044 7012
3904 7443
3825 5954
5311 541
2670 1587
363 3081
3996 198
4825 177
6357 2520
6527 6426
3435 6828
1506 463
4931 4124
1562 549
4511 6040
2416 2525
1480 1475
4954 4874
1552 2320
1785 785
4506 15
4251 1331
4619 2397
1968 2078
5399 614
5380 2946
3459 736
2681 2029
2241 1199
4113 3192
6157 5955
5680 2096
5205 285
3515 3042
3781 5665
7019 2447
1053 4379
7436 6003
272 7425
93 5042
1459 4617
2307 867
6965 3468
2520 2120
1500 6553
6597 6366
2907 5646
4607 3635
6173 3116
1607 6490
3914 4517
1656 358
4937 3571
5274 4489
5006 246
1159 1917
3293 6722
4461 316
4350 5418
5258 953
786 3336
1422 7467
499 6366
1667 417
1943 1372
2049 2270
414 1408
4061 4850
2461 5798
260 4189
5973 5096
2615 1408
6373 6204
1669 5269
4915 5451
1155 3170
2665 350
3939 4166
2231 67
3125 2379
5631 3007
6142 1014
7077 7337
1657 4611
2180 1889
4798 1352
5657 2982
6505 5218
2351 7461
3132 5783
2487 6971
6764 2042
3112 5985
1105 750
7005 1009
464 6920
3229 1359
4557 1399
6067 2309
2625 1062
6064 3597
3701 2769
6874 3113
92 908
399 275
6261 7189
7029 6849
4125 6334
623 1783
52 4554
4587 3883
4765 868
1017 2390
7339 412
4345 64
3132 2015
832 1720
1153 6045
541 3433
4432 1805
5869 2051
4538 95
5535 963
2373 1208
142 6372
51 2647
2043 5155
2059 7443
3419 2178
2475 5586
2505 1114
3943 7476
2152 482
6513 1559
404 3658
1338 1557
2525 7277
6884 1458
1132 5887
5329 1519
2793 6002
14 1755
2036 291
2707 7330
2380 3888
4826 3032
672 1403
6042 2151
6872 925
3514 503
5544 7239
1682 2616
4687 6097
6865 4045
2011 5238
6408 1284
6684 2308
4030 573
62 2692
2289 5372
5754 1607
6391 4406
106 4182
1972 7135
4092 4475
796 149
373 6366
7091 2755
2320 471
453 5632
4466 1368
6747 1714
4139 6777
5559 4414
2217 5834
980 1378
3382 4009
4348 3872
4364 3404
6998 989
4360 5449
1905 3582
7136 1693
7182 245
2102 5782
2991 5075
2352 365
1809 949
1430 3250
468 5829
1892 6124
3908 1546
1821 2384
242 4979
368 4258
5443 4199
2172 5247
5300 1125
1443 1185
5631 7250
199 6999
5000 2311
125 1784
2279 1557
6545 1223
3998 6754
3886 6476
262 1506
3805 2609
5531 1282
5376 1469
424 6147
6777 925
6307 4718
6204 5470
2404 899
1989 4478
4140 2283
2573 2222
133 267
3920 2276
4600 1098
2252 1304
2754 6850
7092 7020
6847 4381
1438 200
812 6177
3065 1355
7395 6846
2426 4716
5192 6943
6266 5659
2442 3516
7316 1208
6138 3770
244 5608
1795 7151
7183 6529
2619 7060
2848 6465
4657 7225
1744 5418
3468 3328
949 6332
3975 3036
4216 326
1009 6634
2108 6138
2382 2844
75 2808
6819 5418
3115 6076
1083 447
3935 6271
1582 1586
6459 5215
2642 268
4813 7254
7080 264
6522 4970
564 6860
748 4941
7092 2617
3973 1094
6078 4882
4400 7326
4723 5760
2118 85
6799 2598
6132 4190
3195 6535
5024 5164
1354 317
1193 5917
3055 2113
358 4535
2121 2970
4025 205
5004 6695
6336 1097
2247 3087
3908 3804
3423 4235
786 229
5955 6295
7195 2145
6497 212
5126 286
984 6681
3103 1779
2397 1468
4215 4379
4943 1563
4687 3462
1798 3136
2620 6833
7288 3429
5852 4748
2782 2747
2401 920
204 1738
3642 3770
6820 2044
6763 2714
1364 22
4525 2520
6063 4008
6831 4244
5769 5610
402 1864
5549 369
199 6342
538 5455
6742 4707
5653 2897
3661 1692
1106 7439
7326 6163
2485 4727
4950 1664
2771 6275
574 1787
6569 3681
6164 1489
3748 2200
2206 495
2858 1784
660 286
2408 7025
6995 3929
3680 2408
2977 5231
4860 759
3200 3465
5872 4582
347 1739
7085 7457
6430 6430
2186 827
3849 3325
7132 1196
931 1478
1884 6900
2575 1944
3748 6276
4592 4434
7298 1468
6013 3543
2575 4333
1814 4979
384 2355
6402 5165
3593 859
105 603
2479 2983
6005 2353
6848 2470
6313 406
3508 2694
696 7215
2550 2423
5344 6442
7432 4694
4344 2054
4731 6341
2982 87
5182 5993
7475 1516
1760 7353
212 4163
268 1577
738 1025
3733 278
5116 4107
4902 5844
3723 2120
1983 494
5126 2480
6297 6129
1532 240
4483 775
955 3599
2949 2597
1874 5221
5153 3087
3193 1238
7164 2731
4295 6913
5762 6117
4972 645
2297 6649
377 299
4051 3025
952 3009
7134 4245
5620 735
2127 2440
1745 2101
2662 7005
7391 3864
17 2790
5825 6924
3035 2803
5444 7440
2784 5330
809 5124
7146 3409
5556 2744
3701 4169
7129 5261
1974 4710
296 1826
5100 6684
4999 5643
1285 176
1303 2380
5004 1733
484 2552
1542 6504
2169 688
4822 6038
6460 5579
4692 2781
5073 5298
5790 5854
3565 2704
5570 4585
4536 3348
3514 2433
2395 781
2341 4998
6796 3327
5637 3768
4343 3995
4333 6010
5598 4051
1809 2439
2515 2087
6472 4420
297 2231
1777 2782
500 42
4501 625
5460 5526
6852 6125
1744 1113
110 4592
1811 1343
4848 2756
5708 57
7383 5426
2147 582
3048 6779
704 424
7277 4106
2970 7125
6067 1007
3774 983
6104 2319
209 1472
4507 3311
922 2630
165 701
5469 4493
479 1136
5453 3814
4121 5783
6377 953
5253 4346
2817 638
156 84
2089 3953
7436 2124
1791 5470
5703 6973
4601 4418
510 4284
905 1131
3566 301
6640 5425
5007 7160
2012 2078
2839 5042
634 3187
41 5970
1516 1781
2485 2525
6135 4307
1799 506
1055 2184
3217 2933
6173 1911
6034 3450
234 6421
164 3725
7342 6639
3323 6857
2459 5933
6511 5589
143 162
1174 6601
3987 1104
1859 5493
6731 7131
516 4639
902 1309
3519 7435
6410 5192
2695 227
3315 1236
6104 7072
7378 6291
7184 370
5893 6894
4944 2011
2917 140
7052 658
3556 2364
4666 785
2752 1488
6284 2753
3768 1765
5808 6606
1010 4550
944 7343
4621 2851
3018 2566
4695 2120
3529 2315
5050 1018
1196 2781
5110 1506
3482 4178
6110 6358
3319 1588
5060 6831
7243 1924
6886 6207
2005 4038
5159 927
6945 1105
3688 2280
1597 1860
4495 7255
1432 3925
5230 3097
6852 6609
2632 2228
1181 3472
5637 6544
6254 1054
2926 7464
3404 6734
5854 1297
857 5787
2987 387
3199 3097
1189 6501
521 4069
6193 7176
4877 4206
1796 6391
7287 825
605 1466
3005 5664
1189 3690
431 3460
5106 5043
2724 1153
4106 2697
6601 3765
4808 1080
2650 5983
2858 1767
5031 7201
5385 2751
4453 481
1518 5931
5866 496
335 4659
3949 1191
2418 7034
3832 3313
2340 4380
1726 3353
672 1772
1997 2617
952 4308
2881 5472
4497 566
855 4228
6883 4699
4228 6147
5155 5219
2244 4575
4841 5404
1417 6031
7076 7046
5468 7049
1280 7102
2915 6156
7150 6658
3596 3915
5165 3461
1117 315
272 1354
12 2015
251 6362
1569 2114
5140 6757
4602 4216
1895 5186
4686 1710
2979 5435
2869 4996
5562 5763
5667 1860
5466 1994
6474 621
5674 2581
6454 2576
1649 1591
547 2389
3197 3430
2593 369
931 4554
2411 7230
2680 5071
3744 3600
775 2913
6823 4947
806 4729
3461 4377
382 622
3965 3165
7423 5296
1199 132
1495 508
1527 4107
3181 2252
1984 3712
5357 5818
364 4162
5098 3747
2414 2080
6712 1964
1912 1353
3544 1257
490 5393
5293 188
5422 3902
1268 5356
3996 1669
7205 5806
277 4815
7147 5992
2368 220
6310 2564
249 1411
6800 292
2197 842
139 5236
6505 595
2828 491
2549 7142
3122 3237
1496 4349
5853 1628
3934 5886
4009 3653
5413 4628
452 1238
3248 4316
5051 4742
4073 3109
1618 3632
4233 7426
198 5720
1697 4015
3623 2426
879 703
5163 2657
3589 5717
3234 867
1973 3092
770 4489
6842 3351
166 1393
1798 5433
2366 1570
7368 2816
2064 5316
4568 1613
1902 1305
405 1583
375 6644
555 1897
5271 1767
1629 6146
4415 4682
1480 3609
1148 2758
2192 4418
3382 5251
7067 1581
2948 1005
4728 3253
3439 2012
6393 1762
5328 1919
772 6267
1481 879
7098 5927
402 5661
4337 5436
420 4801
732 6604
1635 1371
3153 6224
2569 1722
510 6854
6286 7239
1231 1299
1953 3008
302 81
1418 4262
5532 6621
4822 488
5935 7469
5612 2629
3689 5852
2918 36
7108 1254
7359 6977
2702 6861
213 7339
6259 84
7467 968
5749 1835
267 4944
3764 1287
1182 5198
4605 1971
4456 679
6599 315
753 5236
184 3817
3595 2622
1201 313
5208 2728
1542 3314
2484 6253
2284 4217
6642 1355
5679 3095
5526 4847
1922 2871
959 1398
2776 5533
6429 1779
1298 3802
1546 2550
2847 183
2552 1880
2707 2620
5707 3548
4162 2530
5033 7470
7263 2211
7065 4874
1672 5781
1320 6831
4829 6977
4921 2736
2281 2181
732 6470
7147 4773
6273 7107
1993 2999
4374 7251
6497 1748
7478 4793
1885 2849
5227 2612
3980 3369
2855 5391
5673 21
994 3162
1640 2186
607 1122
4415 4525
1572 2818
5367 6957
6855 3215
5927 4204
5091 525
4315 2623
1174 6359
3213 5075
1348 3424
2896 7004
2660 4083
650 2869
3805 6228
1688 6996
355 1669
1231 3528
5143 6512
2889 6052
6973 613
7012 970
489 6918
5314 980
1084 1609
6246 4173
4463 4270
1879 4043
1263 5862
5326 1079
3224 2735
4480 6614
4600 992
3572 5655
1048 5592
750 7144
6709 4118
601 1594
2262 3464
6054 3099
6826 5412
4573 5070
6016 7402
5132 2654
3246 1607
1950 27
4706 5042
3629 3125
4646 6945
807 4029
5875 3486
5161 7289
945 6478
3606 1835
1324 7045
2734 537
585 1640
306 6051
7471 4388
5071 4585
1288 3704
1829 2819
425 628
2655 859
6325 6650
291 5666
3196 3205
1439 5425
7391 4177
1194 4649
3338 2971
1463 3697
2378 7097
6848 1167
1740 4951
1254 5165
1438 1039
4260 4761
5964 1826
4717 3259
1605 432
942 314
2763 651
2576 2734
7397 5739
2057 4385
7380 6132
489 3527
588 3662
5860 326
3183 1436
5106 4729
1770 5969
6794 2012
6659 3588
1188 3777
7250 2619
7429 6614
3812 7110
4239 4244
1569 5655
5645 2586
2010 6540
5199 6252
3662 1417
2525 6436
644 771
3234 7462
1497 2622
1312 6233
4562 5986
6739 1678
893 2079
5718 5401
1759 687
3700 3025
1921 2154
195 492
2771 6829
3657 4174
650 6676
3052 5494
1647 5540
1612 5591
2127 6093
450 5475
672 1979
1755 4805
5496 2844
2529 4440
6773 141
3409 2695
260 4700
242 2967
854 4482
532 5680
5395 6992
5209 4531
3201 2911
1124 3852
6305 484
2063 2486
2440 3845
6527 6279
4088 1253
2837 3689
2700 4086
5451 2413
1762 2029
804 376
232 4870
936 6391
109 1957
4215 1168
1260 5707
5063 1365
1201 861
1104 1674
4027 4514
5452 298
5298 6847
5947 2003
2337 4020
4057 456
6399 3577
3461 1706
5794 3486
4084 5781
2872 1594
7386 5755
3765 1070
4129 2259
2356 4333
3012 2412
6850 2039
333 3840
3084 938
3882 695
3233 6029
3361 6803
2243 819
2514 6178
1644 2906
4905 1633
1292 2701
7260 306
7337 1794
5625 3437
3143 1476
6752 5731
2969 4324
919 4961
2008 538
2727 5511
1882 1583
7139 6086
5734 5933
6323 4402
6370 4130
4662 4240
1077 1076
162 4029
2810 528
5068 3687
33 6334
79 6824
6696 1892
794 2259
4192 7467
6822 3318
1230 2274
6576 2945
5608 2865
4539 6420
8 4973
2296 3277
6303 988
1215 3058
3274 5308
1541 1270
2061 1954
3738 577
4060 5389
1485 4880
2630 1208
3762 6752
1203 2316
2764 5065
1201 1800
4802 6968
6543 872
6655 124
842 977
1292 4923
4960 1253
2877 1060
3597 5926
33 6844
2535 5309
6125 548
109 6055
2704 2073
2643 3004
1166 6209
2449 6389
778 5208
1941 688
5690 813
4435 2515
4528 7383
6619 6640
2707 3480
2108 1268
4255 4101
5779 37
6057 2529
2517 2266
791 2470
6141 1289
2154 5953
6585 7058
189 1966
3352 4559
5565 6117
4384 2149
6613 7091
3185 3794
5376 6455
5662 5
3524 518
4966 577
6462 4637
6609 1070
1727 1095
6505 3976
1010 1382
4475 2697
3479 530
5174 3549
6549 2887
3326 4093
6227 394
6305 1497
7368 4263
4890 933
181 6733
2454 5285
2696 6495
1171 3235
7474 4990
2223 489
152 927
4285 4239
5421 1114
5489 1344
1050 751
6998 4865
1112 3068
6843 2581
6770 4491
5758 1047
358 2274
2313 2636
22 3272
6122 228
3246 5897
6535 5103
7176 1064
5045 280
1006 60
4092 3978
7187 954
1734 3918
6993 586
2111 5536
151 4
7062 1885
3711 1095
65 1227
3344 6214
6178 290
3319 2751
6360 2484
6015 4082
585 1724
2056 6440
5263 4841
1649 2247
6168 5243
5892 7310
1405 932
7378 7245
1232 3181
3418 4618
3213 4507
6939 7116
2192 398
2458 881
2569 2146
6312 5044
867 5443
876 3752
6693 475
1836 3658
2566 6302
3353 2571
2701 4999
4568 5434
7461 3676
3954 5654
441 4078
795 811
4810 3226
6719 577
3279 1762
4316 94
5921 7312
5800 7158
1096 6740
4251 1368
2726 789
1212 2086
3727 779
1404 2103
3845 3882
2509 4212
2685 6128
967 181
2513 6526
681 6562
5291 5284
1451 6189
3070 1409
6452 6245
4595 5154
3074 492
4579 1942
6255 4309
3123 7241
5247 1133
776 2510
5603 7495
2061 2235
4224 2221
4649 5448
7449 7445
2389 892
1548 3060
6042 4116
5711 566
298 4852
7126 3298
853 659
2637 1851
2049 2668
6132 1143
4247 2010
3013 6599
4633 3289
1437 631
3131 5214
3382 4572
7037 5546
2544 1519
5592 18
7482 795
5797 2321
2367 2062
412 2648
7496 5948
7310 1270
5968 1833
2812 4636
5271 2584
3985 6375
1691 4032
5201 6482
6133 5678
6184 1861
50 423
1114 7434
4461 3111
6828 3902
2432 2373
6916 7087
693 1105
2960 6569
3535 3984
1164 577
6968 5671
6845 661
2638 2747
6205 6946
1609 3195
3492 4806
4319 1670
1795 1458
2599 4543
6648 4091
62 630
4625 6618
2219 717
4773 4710
824 1151
3524 1525
5685 3275
4693 4899
2373 1216
1817 2502
4779 6216
1575 7237
3547 5475
191 3148
1372 7357
7459 1700
672 1010
5363 1195
1482 2072
2199 7493
1432 202
4979 5944
26 2241
2957 1533
1401 6924
5815 5820
3598 6564
1991 4362
4497 5627
6155 5337
1282 476
2914 1464
4587 6804
1554 5932
7488 2959
6944 6570
3862 3550
3716 229
5422 803
1282 1786
1829 2362
1501 535
2047 4419
3286 4009
2145 3696
673 3789
6618 7252
6150 204
1503 5776
1758 5754
2227 2021
4390 676
1527 7186
221 5318
1989 2431
5758 308
6210 1906
1353 2054
398 5194
5719 4125
572 7061
1762 1576
4931 2966
1213 7361
1291 7306
1027 3516
6215 1170
1371 3937
7211 2646
5577 3649
4440 1985
1695 4365
1735 2441
7106 4254
7446 960
997 5012
7070 3646
6074 2737
7290 93
7441 7493
3195 1319
3050 1884
1529 5139
7238 3631
6104 4243
6736 5863
3243 4287
1383 5810
2469 3894
6632 15
244 3217
2278 7356
2498 4956
3094 50
526 5269
2044 2512
4136 6050
2381 6452
465 2195
6987 6355
6345 2903
446 6603
6853 823
1064 7150
5151 7273
367 953
1867 3429
1933 1966
929 270
7100 293
3293 2327
2256 4988
674 7243
606 2089
2146 6730
5098 1325
7404 6797
1555 7019
3055 7237
5389 211
3394 1630
4079 4651
1684 4185
4318 1733
3039 2448
742 947
4467 6758
4523 7339
5972 1991
5175 2667
3148 4796
3035 3412
3662 5438
2743 7261
388 4135
1797 2471
3486 1562
1904 1003
2319 3036
505 4939
7179 2127
1730 2068
4217 3750
3439 6303
1675 5429
1374 526
7413 2678
1210 1806
210 3620
4522 951
113 3787
3910 3763
3854 3012
6 5331
2687 1963
2210 2750
6609 1290
6414 1107
967 688
6383 2574
2995 1005
2049 6742
6062 819
6483 6617
2941 7214
5772 443
3353 388
6527 4575
2567 6933
5685 4732
7460 4605
6705 3687
3694 2197
3169 5594
2468 3846
6647 3128
5855 5212
650 4162
2318 1324
4930 2274
1226 2636
169 2097
1185 5599
6968 6943
100 5087
4073 2269
7335 2066
6638 854
1242 2653
1238 3487
1693 1431
2007 5867
283 2853
3992 6603
2387 1260
6843 3593
1042 1847
2257 4047
6245 4703
697 1058
4070 2552
5099 2780
1532 6842
4678 5511
6432 6273
2699 7019
137 1876
6955 774
6752 4276
6187 7153
3233 4087
1730 509
3273 2886
6377 2624
6924 3216
3466 2
2000 5484
4825 7335
562 3894
7171 4038
1621 2753
4423 2158
5857 5011
2163 3488
7070 3141
1678 4600
881 5461
548 5848
6478 4070
5235 5395
139 2778
3903 6169
787 2546
4380 208
2926 2341
7182 4898
768 4565
7186 1108
7397 4823
19 3966
5988 6421
5779 4236
7379 735
967 3980
553 4793
6873 1969
1597 5530
3424 2612
270 1250
2457 209
1452 5463
6992 4712
510 7494
6560 2844
4592 532
431 52
3167 6363
1365 892
262 4688
5145 2970
3875 4729
4661 5422
5531 2235
7125 3
4662 6616
6382 2655
1419 6773
5863 2452
2658 5635
1217 1775
1070 2483
6184 246
7370 6564
4413 4565
1127 5724
5880 5734
888 4630
2573 7298
6392 3086
1283 1097
47 2244
513 3025
5203 6174
1205 4174
5093 3629
2393 7117
5412 983
4812 2363
2538 3395
5961 2559
7325 3016
4030 4504
1747 790
4107 912
3229 1005
1924 1540
988 5583
341 2145
401 498
3212 6858
6943 7195
1924 3786
3562 1037
3336 1840
5019 6540
150 2878
6965 4091
3325 4936
3213 2819
4437 3049
2809 42
1525 2094
5082 785
1153 1001
3669 1274
494 7067
3403 4561
6979 5702
4183 3771
4957 4770
800 6227
6720 298
6946 6709
7251 37
7222 868
5762 5034
6229 1977
6511 1144
6440 1920
4107 5122
4650 1957
1142 6486
382 2803
592 521
4732 547
7089 1827
7473 5997
2707 5562
5729 4754
6007 168
349 5902
3114 3889
4537 1944
556 6926
2743 4766
3190 3236
4281 431
4696 1651
7355 1774
2828 170
921 6885
6098 3807
3611 2969
3784 5920
6726 111
3741 1077
6310 1928
161 374
5608 3081
1018 2796
1579 4214
4954 3611
4521 3741
2143 2522
5047 2405
2120 7278
4485 5231
2830 6896
4122 6771
5417 2622
4908 3020
3549 864
1498 6802
2867 4523
575 7416
6432 2497
3479 2933
4051 5214
855 6393
6725 875
4981 1172
266 977
952 2195
4583 6860
1857 880
6176 5389
6539 6451
779 2749
1409 352
5296 4834
1325 1671
2853 1591
5847 7438
2965 6019
58 1790
5361 5838
2162 2328
3328 7171
2143 2116
636 2625
3505 3779
227 5177
5873 306
6691 2839
4214 1791
6576 6581
6575 2268
5287 7096
2960 1217
7280 3000
1627 793
1687 2462
698 1740
6268 4964
2330 5459
3681 197
1198 300
1804 4981
3719 3376
2297 1559
2994 5338
1435 5734
261 6750
2417 7045
1770 2410
5144 7138
6886 3696
1056 5384
2372 284
6348 499
380 2919
6430 3204
7243 820
2970 5999
1112 4149
7021 5257
5468 1562
5469 37
110 2894
7143 2893
6904 6130
2806 2345
5146 2182
3034 4360
305 1881
6695 85
5650 3816
5274 3432
16 3758
1657 929
910 1078
5307 4865
1229 5769
3802 5972
7106 2635
2117 1218
4059 6604
2112 5108
4512 5399
3370 1766
1096 2065
5233 374
1287 4935
288 4480
1374 5846
860 1208
1461 6506
279 3935
45 7118
5195 1521
6294 4569
903 3446
7410 3068
4439 4849
1879 4424
5064 2329
5450 6115
5754 5682
3428 7486
4329 5603
2009 6860
3909 5044
174 7206
1510 1674
6591 3342
5702 370
706 292
1817 1126
5506 6107
68 258
1864 6992
2565 3667
1478 5384
2113 2365
4769 2111
3134 5642
5288 4889
6963 6076
2177 4644
554 3572
2683 1919
7249 1009
4665 1989
2123 3158
3499 1312
6841 3228
642 5535
1499 1014
4165 4542
1536 2210
6529 6378
2727 6593
1988 3832
4550 2486
6925 4718
5685 6843
1743 6672
1822 4863
3520 4575
7498 1866
5020 623
2668 2959
2914 7182
7248 6959
1706 6568
1311 1815
5416 2014
7276 7268
5024 5902
3762 6456
1863 2752
6353 7484
5400 1969
2279 127
6142 7394
6404 3354
5038 1257
6055 1850
6904 184
1638 1710
3634 4451
3788 6242
1931 3211
969 4902
1685 3318
1755 5871
726 3228
3996 1878
7429 490
3234 4003
7428 3951
3218 4649
928 1509
1112 3271
1591 525
5715 3362
4925 5293
4956 1792
3134 3321
3639 3816
4971 2416
4322 2619
507 864
1764 4567
436 192
1245 6621
5262 2445
2069 3169
2742 7451
2278 2896
6979 3350
6701 4329
6890 1476
3099 1001
1304 2893
2904 3183
1449 2308
1781 360
6721 1500
6491 7173
5509 5647
4627 690
6855 3273
5227 5376
2406 968
3788 2102
1866 3498
1842 2945
1822 656
7101 408
14 1366
2298 597
631 5151
589 953
1445 3170
2260 3673
341 5897
5064 4350
7407 2953
2486 1159
1750 7255
3784 6001
3569 4969
6257 4631
3348 2104
3679 3058
3860 3412
7067 2702
2206 3912
4767 531
4475 3608
6835 3431
2531 6872
2072 4745
5912 6007
2316 2489
5014 4820
7433 6477
5167 5924
5622 4927
273 2600
5147 2696
6228 2328
1677 4300
4698 4871
3665 3695
7434 2205
2196 1199
6821 1739
231 5791
2383 2810
5443 1996
3043 5215
3271 3881
757 5022
6257 7261
3540 4736
6387 372
3497 4141
2307 577
4306 5121
4737 1815
2166 5550
74 1581
2856 2515
2489 2103
7327 6739
6002 4122
161 537
7398 5071
6002 6511
3966 2412
1234 1917
5377 70
6101 6271
1584 6039
2407 2029
5497 2231
6809 2158
80 5996
2427 1759
4626 5070
305 61
2612 1468
4259 1729
4282 5637
4012 2907
3769 1282
1615 3626
431 4780
2197 5834
1354 844
1981 1543
1831 3789
1057 4705
7107 2057
4727 7307
4718 7316
2176 4204
343 3986
5905 6976
3188 176
4995 2583
2134 2121
5082 6587
5192 7028
2304 4375
444 2236
915 424
6918 4335
5094 3063
2500 2228
3863 843
4745 2433
4014 829
5978 4248
845 6077
4246 6752
4381 6910
4745 3570
1407 1908
1671 7008
1359 365
1362 617
2273 3207
2305 7418
7361 6533
6015 789
5809 4596
3447 785
687 3255
3553 2713
4193 1340
5153 4932
6923 349
1234 6620
5271 2670
1410 4718
6393 4205
832 3738
1260 508
7374 3358
2857 6342
7160 5444
3949 6337
701 1471
5857 1194
2480 1391
3473 3653
6705 3290
7332 3394
6254 5153
6530 1336
6816 5859
195 3490
4794 3934
2184 2952
4336 3979
7339 914
7428 3748
4344 4382
6981 2597
4205 1822
5227 6248
5582 4449
2531 6632
4909 7399
4563 2899
6912 2879
897 2902
4076 2476
1172 6966
5064 545
2967 7073
2855 2566
6453 5343
4390 2860
2293 5197
5905 7280
2138 2301
91 971
1589 1003
1949 3412
6746 1212
3051 314
4493 7057
105 7079
1303 3178
4025 538
3911 1935
4440 809
1660 3291
4694 6978
2507 652
5189 2795
1078 222
6213 3775
5673 1451
6498 1907
996 3794
6226 5505
472 3266
6910 1216
6005 266
5866 3756
644 6867
3691 2619
850 5241
2737 2488
4097 4969
2045 6863
1357 5534
3336 3962
7442 1492
3164 826
3292 7237
119 592
3642 7442
1106 7158
851 4349
2028 6573
6706 867
2691 6365
2110 1461
5906 2651
3865 2002
252 6873
3200 6383
7183 407
1851 3913
4812 1733
525 5755
823 760
5035 2537
5334 1874
7058 596
3322 6440
1237 4976
5353 7342
4439 7070
3462 4842
913 1033
3810 2140
7388 763
6691 1370
6690 239
2830 1154
1841 3411
3533 2540
5124 2471
1025 5062
5324 7332
6006 5817
1210 933
5540 542
6591 77
2072 1981
208 2851
1584 3909
2575 2059
7399 4315
3382 2694
4629 2815
5063 1888
6657 7473
5871 7131
636 2548
3334 5767
437 745
4195 288
3677 386
729 1111
1349 2265
5086 7248
7122 5350
4403 3507
5024 3859
5647 810
878 6563
2230 3259
2709 3177
5645 5947
2646 7083
221 1161
7421 6111
5329 7251
6748 453
6001 5918
7241 4700
643 7484
5799 2101
2994 6231
2422 1589
305 4819
6572 2479
4868 1680
1606 2818
379 4313
3792 1116
1564 7468
4366 6275
2849 5307
4188 4287
1038 5098
871 1877
5879 6091
980 3689
2422 6206
2088 2942
1740 1457
4160 4802
2912 3927
679 5640
1335 6630
1834 7058
2426 722
6623 7214
5589 2212
2262 2092
5654 6605
503 4425
4590 6568
5356 1571
974 4530
1426 4165
4936 3695
418 2200
1050 4931
1626 893
5111 498
5823 5945
6285 4313
5881 179
2183 3922
2721 3501
3876 1813
7079 754
6172 6688
6572 4666
618 7417
4981 1782
3245 1010
5109 2769
5686 3941
1859 6947
1133 556
3336 3778
6904 4515
7308 2
2130 3164
3610 73
3949 3380
641 2851
621 2423
1599 5786
305 5668
7473 897
4547 1614
1789 6802
1636 6129
7091 4142
2467 2682
2704 716
923 4956
4638 4024
4993 1136
3996 2797
831 688
6677 1284
2729 1785
5398 4940
3473 6274
5225 2159
2858 2455
5039 5982
1505 3215
1782 4700
1168 3718
5784 1347
538 4922
2322 1200
1206 5536
3972 2624
6199 1634
2548 6630
3156 3486
1989 1830
2237 9
7238 1759
1990 6984
463 1958
1039 3111
3959 6123
3464 7013
3223 2455
3053 512
6410 494
5996 569
1885 6362
5409 5037
2753 5276
3163 5241
3647 2555
697 1335
7151 4470
1356 7391
4688 3572
5203 277
4863 1454
2879 7419
6426 521
6328 5981
2863 4451
5727 1407
2644 1587
3301 4571
1701 7191
6304 3772
5905 672
3865 1801
1013 5070
6234 7098
2599 794
3713 2596
4837 1782
3537 3524
5320 3148
3599 5170
5316 889
1291 2494
6645 2000
6432 1794
3708 2885
4237 2301
5318 6403
1506 39
7012 225
1702 1034
5371 1056
234 7269
6634 2310
2394 5151
1126 673
890 4807
1778 3979
2216 3973
307 3228
5304 5351
497 916
6716 6985
271 7163
2866 3373
743 5803
3166 5631
7437 3985
2108 2420
3182 5214
1470 3362
820 4823
2369 1740
5164 2894
2558 3029
3843 3363
7139 1774
397 651
6063 4055
1599 2296
3106 5675
2442 4822
4672 2753
7021 601
3397 2989
6780 4286
1153 3219
4901 2558
7225 5436
5531 5660
3045 2546
988 2158
5871 5215
7447 7271
464 5177
4199 5039
1871 1204
1987 5044
4523 6839
3370 4120
680 1804
2136 1095
2163 1291
7394 4194
556 2448
2842 2808
1165 7180
6503 1024
1886 2177
6756 6499
673 1285
3990 1091
2483 2378
6659 308
4926 5262
1489 4954
3680 7080
831 252
2784 7345
3346 5548
1948 4985
4203 6486
5007 55
635 3837
51 4018
4411 4871
5 4016
2649 1116
6055 6195
3653 2499
5655 6899
2673 7408
1339 1351
7389 5486
4400 959
1866 6059
2699 2337
4123 1083
6025 3566
193 3902
1414 784
605 4468
412 2314
912 1635
1576 1740
2299 2080
4045 7395
6474 3250
116 303
5437 263
3996 6871
6745 2899
559 4720
4256 2066
740 3579
3277 913
4006 1036
5438 5681
6142 3055
7234 1631
285 6520
4069 2023
3300 601
5970 906
4615 2245
1548 3865
850 4630
1908 4365
2490 1400
5894 6251
5737 2728
5438 1765
77 2294
6149 7214
4811 2655
1900 7284
4869 2897
5344 6381
6956 4636
795 3770
1424 336
6666 6652
2880 1984
3463 1483
2174 7295
504 2427
4002 6582
6825 3579
554 3625
4619 3315
1331 3229
2913 1167
2 5581
2144 552
5845 3855
3037 3857
4115 358
6106 2026
5296 953
6845 6676
2506 2179
1695 997
2517 2749
3073 4337
3081 7255
3171 1545
6482 1166
4838 1083
6803 4405
3164 6910
4167 1351
2149 3148
7440 5709
3396 4205
6412 4525
2978 2057
2562 942
4946 5141
2700 340
5843 1714
322 5526
1002 2239
1376 4090
3263 5960
340 4589
3704 6675
4490 1184
35 549
367 2410
901 5180
139 2459
7116 4172
5902 6632
646 6888
4697 6668
586 6119
2818 5367
6411 4850
2189 861
2299 4959
7129 3437
4242 4646
1410 2490
2390 2167
3580 6065
1429 792
452 5216
6692 6760
2801 1347
2127 5237
3091 818
5743 1582
1127 1862
3679 3568
965 3807
6278 5862
3705 1408
159 3131
124 6533
935 2727
1979 702
4659 2156
6661 2529
4009 7186
4985 338
6556 3840
4226 3108
4081 6565
4490 7447
5922 3935
2313 2563
1629 3920
5019 6048
6214 5518
1426 2152
6181 2191
7448 2701
5180 932
1441 5631
4353 3313
6162 1476
4046 5822
582 95
1089 4492
4131 6909
1431 7035
3671 1930
3036 6306
5232 19
2069 3240
1713 1656
7165 4946
16 2757
7487 129
2532 1461
1000 6897
3718 254
1312 5922
1935 7338
6047 5713
2455 5157
638 6727
5581 1784
5670 4894
225 3874
7296 1040
2446 3321
642 6772
4461 2223
5449 261
5506 1226
4055 1354
4258 6748
2747 3888
1429 1099
2026 4474
1616 2755
6116 719
4181 2165
996 2679
5362 3017
3608 1974
2648 2463
2965 3146
317 5607
5609 5695
1535 4869
6878 601
3870 4190
2918 3316
4772 2444
355 4983
7452 4583
5881 1995
5409 4885
2037 389
6919 5739
5125 1875
2478 2866
705 2275
7490 3965
3884 532
4623 1071
1084 4409
5090 663
2730 5311
1040 3410
3117 5606
281 909
1784 2119
3299 3260
7038 3181
1193 2150
338 5154
7162 1781
6727 187
642 6509
1366 3530
3838 2784
4582 14
4671 1873
3530 7324
1337 1733
3957 7177
6337 4889
854 5164
525 4609
267 102
5122 6048
684 4267
4487 2966
187 1715
6684 2302
6286 148
1617 6160
3535 1581
3043 5606
6307 7083
5671 2457
2275 6652
1871 6762
5027 6818
1250 6953
587 2396
3436 14
1434 251
340 7215
3496 2278
5671 3297
1249 4962
5458 1622
5668 2433
392 3343
4189 629
6079 6057
5993 6217
7083 1889
878 275
1310 7316
6546 1272
6237 588
1073 6648
6479 3257
7323 7260
4645 6030
6802 5593
3462 296
3924 5858
580 3111
211 2045
463 2550
1562 6954
852 1018
4623 2313
3569 4494
754 1829
6419 3358
2457 3353
6955 4091
6127 1205
129 7425
98 4936
6562 5612
576 1805
7225 5828
1782 2032
4828 5420
3684 2138
4044 5017
4887 2751
4527 5750
7108 3327
552 4299
581 531
1152 3955
2893 3890
7327 2026
3732 5003
752 4203
884 7149
2354 2528
6485 2992
4707 4655
3624 2510
1738 2106
202 1954
212 2354
2767 5527
3890 7277
5081 1932
4590 819
4397 1214
5659 4497
4405 2547
5934 1437
3631 5694
2478 7137
6813 1715
4535 6211
5901 1897
462 5356
971 1364
2788 6272
641 4312
1436 5470
770 1311
2317 6660
5402 4042
1529 6585
1493 2899
5999 4453
3893 673
3327 3161
7129 7496
775 5584
3024 163
960 5728
275 5472
6983 2049
5202 2762
2410 751
4868 1808
249 4422
1696 7129
5021 5963
1511 2203
974 6361
2503 5281
2344 4497
6706 3480
1297 1201
7096 5528
2924 6802
297 6807
3125 1625
1411 5618
1944 1271
3430 6036
4635 1321
5896 195
703 4619
3115 2416
1489 6771
4085 6338
653 2124
7224 318
460 763
442 3409
3031 2278
1702 3715
6338 4516
3287 5082
5190 1376
725 5454
7053 809
2802 7388
4860 4929
2639 3001
735 1532
4019 3396
3862 448
7234 278
6796 3474
3910 4185
7171 440
1222 5083
2883 937
5340 5289
3212 2492
5392 2067
6916 2573
7077 2017
7454 2156
5516 5306
2504 5228
1475 7132
4295 687
2965 5101
1132 4774
7407 2128
2417 495
764 1147
6582 4573
5867 6492
1826 900
5980 3689
3969 2538
838 2085
2934 614
2629 2651
5384 1446
6116 3453
724 7218
2516 642
2130 3839
3829 3439
58 3201
4644 2152
1593 6416
4195 4717
5796 3536
2909 1450
1054 364
5529 4756
7197 1073
4228 7205
