400 200
130 123
193 142
21 140
142 135
87 12
26 1
27 66
12 149
40 153
72 154
117 197
41 3
67 72
87 18
114 111
50 37
60 105
168 177
106 168
196 140
131 3
64 32
188 186
108 52
133 12
31 85
176 198
76 109
55 45
193 90
142 190
157 11
103 43
72 87
181 113
40 14
187 184
65 43
5 51
116 35
191 160
123 119
141 49
171 128
123 149
3 68
150 153
84 115
42 51
66 16
38 184
171 60
197 44
181 133
78 74
36 47
110 157
156 97
180 135
124 84
181 175
132 127
130 144
120 78
127 39
166 36
189 13
124 95
74 79
125 123
127 34
46 154
90 3
27 154
77 30
8 15
39 20
53 139
58 163
161 35
37 193
114 180
58 48
76 46
26 185
33 135
184 18
127 67
59 97
56 187
64 190
70 139
40 180
29 72
158 25
142 2
51 199
177 143
53 25
146 185
62 161
128 48
65 73
106 170
82 113
186 154
126 65
31 15
24 191
149 87
38 139
176 172
115 177
177 181
31 31
192 128
156 144
194 7
2 96
77 200
85 89
186 177
189 117
186 52
199 125
125 175
186 161
78 48
108 25
195 79
30 12
11 172
181 38
41 146
139 71
112 164
30 106
15 72
38 99
40 65
69 53
92 153
74 3
177 182
70 133
134 116
3 126
77 156
42 155
162 68
108 38
124 118
107 44
122 45
66 51
200 118
74 89
42 68
54 129
168 134
145 39
154 164
23 190
38 32
178 7
48 162
54 21
33 63
142 119
115 170
184 29
51 83
118 111
128 24
31 155
60 177
142 141
145 160
41 171
13 161
124 73
145 118
135 27
30 110
94 50
57 15
119 113
17 81
169 104
22 61
187 152
100 94
131 112
81 167
56 191
163 85
82 75
21 119
128 89
52 115
82 30
37 2
81 166
97 7
195 188
123 140
92 177
41 14
185 159
26 177
22 24
192 191
155 131
5 77
26 24
138 79
164 51
166 157
61 6
196 101
133 18
120 188
160 174
179 111
176 164
141 143
170 31
75 108
175 170
145 129
67 133
105 48
59 177
181 31
130 103
193 20
45 155
93 189
25 39
49 3
41 37
137 80
180 60
28 78
173 16
152 178
109 43
8 81
55 40
73 1
82 82
177 91
165 96
8 128
165 187
28 186
82 99
24 28
83 111
108 156
183 68
155 152
191 193
144 111
136 8
195 74
52 86
139 26
91 71
132 44
78 124
131 2
101 102
127 27
193 136
147 39
100 96
113 139
64 14
49 20
86 88
186 18
96 45
16 10
153 184
79 145
75 168
151 69
64 6
168 110
5 110
16 102
157 66
3 28
2 155
2 31
89 89
47 97
14 109
184 10
77 141
26 127
52 32
151 187
5 35
91 68
64 59
196 169
176 155
32 99
188 184
20 17
193 123
34 200
126 47
90 170
193 116
36 87
48 44
172 162
187 20
128 158
192 29
70 136
22 171
25 22
190 125
30 88
46 38
90 182
1 83
158 43
28 55
70 144
161 84
190 116
41 162
174 163
134 84
135 84
87 129
70 103
24 17
65 142
129 186
88 156
53 193
22 164
174 172
71 51
94 55
28 80
65 165
141 59
114 114
191 100
196 79
174 173
90 158
164 147
120 54
187 96
147 105
15 77
86 52
80 151
7 78
79 199
154 165
38 22
5 190
45 184
139 171
138 25
36 26
176 53
164 67
108 108
99 34
52 71
158 182
56 52
37 161
142 192
132 42
161 85
61 135
145 81
173 198
17 9
158 126
21 86
70 153
90 56
6 149
51 80
45 188
120 186
6 200
162 27
