200 120
83 111
31 10
66 62
78 21
34 106
84 70
35 20
12 58
35 11
91 82
74 14
42 5
54 91
73 24
32 80
13 43
86 64
109 70
2 112
89 11
11 114
52 6
42 33
108 66
96 47
63 21
86 4
9 47
109 16
115 55
48 74
62 55
6 57
80 89
108 4
102 106
50 109
3 46
53 27
80 116
38 80
61 91
40 32
6 77
95 3
41 67
80 61
63 74
43 4
74 92
24 17
118 1
73 43
114 32
116 96
57 97
69 110
116 93
81 9
90 88
37 13
11 101
56 63
33 114
62 103
40 22
71 65
120 9
87 116
49 75
31 41
38 32
77 24
100 113
111 48
61 86
109 14
8 3
120 41
92 57
93 83
109 103
63 106
101 41
92 71
119 103
46 118
48 33
102 104
55 49
108 94
102 41
49 14
81 24
24 43
15 15
58 32
111 16
50 69
53 17
16 45
92 93
34 39
86 84
88 44
82 69
30 64
30 41
95 13
93 105
88 68
50 82
60 85
78 80
22 90
119 81
67 46
57 68
49 99
65 50
35 29
8 67
71 65
36 44
57 59
101 112
33 94
111 4
90 20
99 87
85 16
43 2
118 10
38 109
36 52
112 114
63 35
54 61
117 40
65 116
110 63
105 84
1 23
99 84
70 3
62 102
77 17
98 19
87 105
10 86
12 104
28 4
4 54
47 43
58 20
68 72
22 114
40 101
10 104
33 35
71 83
78 100
40 83
36 5
23 59
118 57
95 56
77 17
51 93
113 11
109 110
118 73
33 44
35 76
34 65
79 24
77 108
52 25
5 79
120 54
31 79
106 6
15 20
50 88
98 66
76 47
94 6
63 30
94 93
41 56
35 50
13 107
104 54
95 70
76 37
23 16
5 54
5 75
75 83
108 2
