100 100
37 93
79 25
85 4
95 71
57 7
71 79
36 12
24 52
94 15
56 31
51 58
43 47
37 95
89 87
24 61
58 62
90 14
80 95
37 72
64 35
62 23
91 35
84 31
4 60
60 79
99 26
61 1
59 69
35 22
71 70
20 84
74 13
3 2
73 22
73 52
98 78
56 76
90 90
5 52
37 14
97 85
93 35
84 55
28 49
15 86
91 85
54 33
36 46
75 89
86 34
32 20
60 98
91 1
50 85
5 19
22 19
38 70
34 33
47 94
1 92
11 11
45 70
70 27
44 90
2 74
78 88
36 71
18 13
51 40
79 20
3 27
25 64
78 34
39 92
61 72
35 53
57 17
52 23
96 8
36 55
80 62
94 71
88 54
53 46
52 99
10 25
71 98
86 14
44 16
52 44
24 30
61 60
51 67
89 3
44 34
57 96
70 93
6 27
40 5
17 33
