500 300
263 139
297 43
255 62
117 82
19 16
296 11
268 242
262 186
117 276
202 267
278 274
204 251
167 296
148 286
51 207
186 280
103 173
259 220
240 103
222 55
200 57
242 107
263 149
35 167
176 36
299 260
45 81
48 205
213 203
207 239
224 50
171 208
44 296
182 237
19 110
299 145
167 16
220 268
17 77
118 27
289 204
31 54
250 266
255 80
201 77
254 33
194 116
48 46
43 296
291 237
207 154
125 11
174 199
50 294
291 236
292 206
263 154
199 190
116 276
240 55
148 154
136 149
43 246
254 271
154 165
169 264
274 125
119 53
204 240
207 77
194 95
52 218
169 60
233 78
121 112
192 122
74 273
262 26
141 232
101 105
98 30
125 155
67 201
239 88
41 184
159 10
248 206
260 129
277 71
53 282
288 231
142 250
128 112
291 136
198 22
108 154
132 225
223 272
85 147
153 206
32 7
31 276
295 77
124 278
258 34
70 64
189 234
91 286
24 149
212 212
116 115
300 194
38 16
118 78
242 211
2 178
163 256
139 251
22 231
89 218
280 71
249 282
212 20
86 190
44 101
69 77
38 297
12 151
70 240
122 22
201 32
166 17
177 117
22 179
232 217
143 212
243 68
282 219
129 268
144 199
266 120
97 219
227 206
117 95
142 205
73 158
6 200
200 153
123 176
177 193
147 68
281 36
215 254
284 124
24 109
288 196
272 193
153 223
61 103
130 206
272 186
296 193
285 189
201 253
175 190
24 257
34 133
3 274
160 189
127 35
33 32
156 41
136 282
52 64
167 132
108 174
42 201
278 268
15 164
205 69
214 119
6 29
145 119
19 27
211 5
176 222
140 41
17 171
36 45
171 82
285 293
211 173
298 196
225 13
186 241
254 162
248 194
227 95
280 185
46 170
162 270
183 185
13 296
85 137
83 83
137 109
275 169
278 50
155 92
237 258
207 255
267 235
86 281
180 202
87 142
7 123
210 255
91 47
165 76
184 67
149 164
207 42
77 265
118 66
221 13
171 27
234 228
2 241
166 50
13 27
98 55
32 87
284 269
105 296
162 115
241 65
42 124
24 236
11 41
282 224
44 82
7 2
272 170
292 106
265 238
201 72
93 240
193 237
110 88
49 244
49 195
125 252
66 138
25 144
285 41
63 40
132 233
80 197
143 142
108 172
220 257
241 103
69 105
203 29
214 128
238 72
223 189
12 287
229 16
102 208
84 161
192 110
193 260
155 252
149 60
230 291
102 51
121 248
168 238
14 96
86 273
212 215
26 57
221 147
299 40
174 107
142 153
210 39
35 136
215 101
244 256
16 289
246 135
19 262
219 182
253 185
152 174
4 273
56 174
140 15
212 59
246 274
48 20
264 210
166 229
205 210
194 221
56 176
190 263
242 225
131 170
221 116
267 289
234 75
252 106
271 187
72 192
117 107
167 251
75 288
23 251
288 71
18 261
254 71
101 21
112 117
162 19
125 26
87 212
281 208
5 171
83 239
44 233
244 129
13 126
271 143
12 9
125 166
48 138
19 71
111 34
250 79
286 94
182 26
131 72
114 56
57 206
190 24
294 204
170 96
56 105
219 61
2 88
264 213
163 197
35 219
220 229
295 274
293 158
111 40
53 268
260 131
163 135
80 173
56 102
136 88
39 39
32 274
30 173
40 155
297 242
25 99
159 208
80 234
221 250
213 36
272 138
36 42
295 134
81 94
92 127
166 182
193 198
225 20
162 82
85 261
93 288
253 211
227 33
228 115
157 265
156 231
204 52
81 20
41 234
24 44
300 15
79 150
232 36
123 153
268 71
285 98
215 181
93 132
285 246
152 2
172 256
51 80
102 287
164 266
269 285
21 118
74 238
283 154
247 230
121 205
179 206
249 158
139 43
286 81
94 117
123 43
284 255
183 188
44 287
273 199
31 289
221 196
276 271
180 192
150 276
296 50
58 45
248 97
226 155
291 227
114 91
34 244
260 286
79 1
47 136
219 175
95 135
180 231
133 191
55 51
165 154
24 142
239 157
72 32
82 149
198 112
73 147
173 175
152 188
204 282
23 150
75 274
178 235
129 189
37 183
227 48
268 67
92 212
117 46
101 74
200 113
175 159
196 103
147 67
256 27
265 32
53 16
200 205
210 148
173 17
43 60
30 262
147 36
261 173
20 184
144 195
252 250
31 133
205 277
288 80
156 281
211 101
179 295
179 203
40 260
55 136
213 281
260 197
210 169
298 76
8 47
65 132
195 185
182 216
