6000 4000
2043 2696
776 741
2724 2194
438 2157
622 3659
3144 1478
2781 1237
3457 48
572 3746
223 613
3534 3317
715 2426
3528 1731
2799 321
3005 1631
3879 339
985 2295
570 1676
2547 569
2154 1079
1724 506
3467 3309
3933 2424
2577 856
1185 3870
909 2396
238 3528
89 3480
1082 1768
1009 1673
3739 2248
3557 2928
1279 2769
2796 3989
2525 2988
2203 2220
2220 2886
2839 2135
435 3001
3655 940
1601 2921
3661 1592
478 1356
2103 3844
3457 142
561 3160
963 3475
1629 733
3187 2750
3750 519
3724 2450
1168 786
2212 55
756 2892
1831 1920
492 2164
3652 3434
138 194
773 1895
3661 3463
101 2556
694 182
3133 2440
600 1507
3807 1606
1679 106
3655 148
274 1299
334 1237
2508 213
1185 20
2759 473
466 2378
2250 3585
397 130
1540 1896
1134 987
2441 2603
1617 2926
1310 3849
1833 977
2927 2983
277 90
617 823
817 3624
100 3193
2473 3262
1 3586
3539 529
1237 3613
1533 3397
3460 2480
2436 147
626 448
1767 1838
2774 2903
27 1702
2096 2309
1536 172
3772 964
1492 2679
1639 2785
2887 2726
705 2072
431 1095
3060 287
3581 2616
1012 1861
1487 1484
792 668
1383 3664
2184 1590
3516 430
1271 940
3823 1874
115 1412
1793 3371
1179 1939
2371 1844
464 737
3534 2324
2702 1773
693 3363
2429 2769
2903 718
3812 680
1017 2780
3069 908
1492 241
1103 1892
3978 1331
3735 2398
447 1868
3336 3770
3782 1168
1046 8
2841 2431
1709 2705
1933 3565
2887 2172
1829 4000
1277 522
3366 2681
669 3940
747 1719
3262 2646
825 3800
592 3931
2550 1378
1751 2779
3958 3137
1626 3314
1174 370
1878 1107
3117 2271
3129 3885
3775 1291
876 3468
2644 3985
1328 3
3368 2952
908 3305
3173 2122
2053 1634
494 309
3088 704
956 1777
1252 937
2959 2131
1268 3002
3741 3649
1147 1804
3087 983
1016 3414
748 426
796 2035
1813 3531
1762 3206
1204 3022
895 2139
2575 3340
2266 2672
1281 2534
1149 3700
682 3371
3724 3502
517 987
3734 833
2171 3276
1130 2254
1559 557
1004 2747
2906 3018
1800 1843
2159 2351
1765 622
3617 3888
3998 275
651 137
1645 1435
433 3553
2121 1719
3374 3925
2162 3189
1037 2802
1674 3742
3867 1890
3750 3396
3997 1707
2021 410
3422 308
2720 3876
44 2569
2019 3730
3236 2273
2011 358
362 2111
1585 158
222 3990
2806 1166
1291 464
1663 3630
1986 3216
242 3316
39 2167
1217 2723
1130 2212
3992 932
1880 575
1554 20
3955 1912
1392 158
991 2443
1036 2250
2654 1063
683 2839
607 2672
3601 3524
1907 1985
1562 3157
352 3701
2438 596
3865 40
1684 2903
3213 1530
3922 449
639 980
1108 139
2903 3758
419 2659
2711 144
1752 2357
3024 3032
3785 1034
2837 1531
1731 2575
1552 1583
1754 1239
661 3048
540 2211
500 1793
3628 1857
1874 2686
2350 3379
282 2928
3934 1906
3183 3353
3078 1650
3878 2193
1999 1159
434 7
2648 73
1856 1355
3493 788
1764 2220
2713 3826
723 3998
3272 2941
3155 894
3718 2272
3376 633
2340 2974
3312 1930
3132 1493
105 2
587 1060
1105 2221
2846 1931
1846 531
2544 1073
3408 1052
531 2796
3540 279
173 92
3498 3356
3685 2521
33 3985
350 3311
2785 3466
2563 1671
2241 2581
3683 1128
2170 1333
2272 509
636 2124
2818 856
1504 3231
1425 407
2365 1205
2979 167
63 1408
435 2375
469 3135
3539 2222
1737 1443
1891 47
1654 784
1378 1915
2933 390
3044 1480
3704 1889
2948 3057
1947 798
2236 2333
984 1152
3828 1413
2298 273
2487 1392
660 972
204 3010
3826 1691
3043 3029
1776 2204
622 3365
682 2026
1618 1523
2132 1081
894 1058
2315 1377
2748 1254
3243 2463
3877 3774
1795 761
538 2911
486 352
2896 371
2083 3931
588 2337
3639 3169
783 1423
2849 2759
2931 3398
3063 1691
3639 3637
3703 2480
1080 3928
128 2684
1313 3354
898 2334
1923 1881
3891 2403
2728 1929
2596 3466
1733 2236
1875 2279
2863 1120
1154 3462
1487 3945
1704 2449
888 1265
583 3507
1528 125
1918 3933
110 1954
1631 808
155 3496
2883 3453
3836 237
829 1490
631 1837
3181 566
2579 1025
1462 2895
2733 3781
1169 3585
904 1343
483 3441
2565 2460
3725 2763
3732 3837
771 1121
3850 3795
607 2101
3379 2310
2998 313
1769 2492
619 3637
3141 792
1923 169
1526 65
2329 2068
1744 966
307 2388
999 862
2261 1230
2972 2356
2004 1328
3799 2594
2733 3221
1238 3325
535 2601
580 3634
1782 2765
621 3312
2066 286
3825 806
1192 2833
1720 2158
479 3106
581 266
3070 2125
2574 397
3771 3068
3434 1790
2071 1347
2156 2617
552 904
367 2774
2167 1030
275 398
172 3828
1767 1019
2598 2626
2631 1567
335 3940
2472 1224
528 1746
3377 2706
193 3406
2829 3054
2723 3591
62 450
1681 126
2612 432
3796 3944
3454 3260
503 1268
896 2568
3451 3853
1605 610
2732 3585
2935 2528
3379 2659
1710 491
3372 2990
997 2906
2395 3499
211 320
3931 2293
664 745
3063 3291
2230 1569
3005 3430
3395 1557
1487 3963
28 1790
1436 2627
411 1819
2895 1097
2156 1118
1862 2820
3293 875
389 118
884 1116
3596 2547
1285 2088
1191 3590
2468 1157
68 3793
3320 2475
810 372
3537 1147
200 3536
1980 2048
1484 1868
3860 885
1430 2551
1242 2568
843 2767
616 1885
3886 1154
643 1685
1004 3635
3056 2320
2838 3423
1672 817
821 1536
3567 3042
2457 369
897 408
1618 3444
1453 3319
1059 2193
3783 2905
3956 735
2201 139
2759 2728
3545 1305
3853 1416
3905 747
2906 3734
3323 1392
822 1574
571 3834
3157 1070
1522 3242
2602 872
128 1037
183 1336
490 3814
296 46
2988 1551
1089 1774
2672 3259
3764 430
2720 1054
2776 799
1784 1550
1110 3184
2496 43
166 1935
3160 2366
1338 3633
565 2654
217 2997
1579 3608
495 228
3819 1488
2498 379
2416 2403
520 2444
3924 2319
1240 2274
744 725
1886 2724
612 1118
1331 380
3451 3676
2795 1944
2003 1714
1489 1008
3443 2071
3249 2313
862 246
3060 57
1504 1209
1041 3660
38 3784
1 2471
3763 2893
180 363
1679 1434
2179 3708
514 3149
2310 1827
3939 3154
3847 624
1578 1833
3158 3300
236 2282
2526 1134
840 3622
3543 3316
2301 1616
1981 2517
3807 1340
322 3469
2250 295
992 2040
2038 536
3282 2970
1356 1604
2819 1151
1655 2840
1350 1694
158 1747
935 1827
2737 1201
1378 1389
2978 912
84 2965
3255 364
1006 913
3133 3470
3729 920
3423 901
2710 103
1335 627
3149 1315
1987 1579
553 735
796 1721
3705 704
1379 1283
2426 2591
893 3694
2892 3952
1121 645
994 2305
2927 2581
2334 2244
3940 2620
892 688
907 2244
2029 3429
3830 3082
327 1167
1645 2212
3003 2221
1125 515
936 370
3125 1685
206 1964
1830 1101
2181 3523
3721 2023
1199 260
2733 1382
2027 158
1201 3105
2635 3693
1238 1694
1832 3702
2457 925
213 3954
2208 857
754 1678
243 3530
1346 3377
1677 2734
223 416
2930 3273
1932 1567
2659 3883
842 217
528 2321
1359 2658
1518 302
3061 91
3241 2187
1935 3062
3036 45
1793 1434
2910 1271
240 457
3135 3087
2680 800
691 581
2589 191
910 3665
2435 3305
2065 3164
1506 2766
3076 643
3604 1287
1797 2327
1681 3362
1887 2664
798 1599
3743 1411
3105 282
547 1785
3640 299
468 2818
2442 970
853 354
3197 598
2940 3371
1898 2039
193 3459
1583 2978
1716 1064
483 254
2452 1073
111 2565
1917 150
603 1357
3202 2995
1095 200
3676 553
2747 2633
3265 3045
3424 7
3608 69
273 390
2860 2040
3020 3124
1311 3046
2286 3794
1825 176
2142 532
1633 1849
2312 1771
3491 1893
2797 832
3827 512
440 1027
793 451
1172 2182
14 82
1885 2851
174 1289
1237 421
2221 3385
2552 2854
1743 3726
433 1364
3347 2259
2862 3961
3215 2039
402 27
1922 657
2442 354
262 2594
2402 2809
1125 3163
1368 3574
1870 1119
3920 2301
1575 3050
2890 1729
581 3250
3058 3500
2074 1132
1495 1794
1582 2002
862 3585
3985 1572
3351 1932
1136 3276
3600 3241
1702 1991
2408 294
629 2753
2055 163
3061 544
3661 2764
2892 2820
3688 3046
3550 77
970 2412
2439 893
3961 2042
1063 1535
520 970
3518 841
3623 1405
1528 2174
2839 2173
234 3959
225 1216
318 2691
2439 1263
1099 3820
2363 3912
73 1469
1262 2689
3043 3904
3852 2670
461 524
2982 260
152 480
2927 1663
1412 3017
2476 1953
2646 1354
1382 3100
3850 1084
482 1042
1035 1715
3186 1979
192 772
1261 7
1289 1540
1981 3780
1579 3443
1752 1250
1959 2393
1265 1877
1650 3983
2351 3963
2465 3329
3774 191
2883 1170
1796 2877
1939 3744
2327 327
3022 1450
142 3175
1250 80
2165 2117
232 3354
293 972
499 1628
755 1416
329 1464
3944 723
2162 2052
3249 2672
3662 397
1303 2359
2156 2460
3089 2611
1625 2360
1689 1352
1333 3885
1053 1465
1100 2251
1751 2345
2435 242
2815 1152
2866 2316
1183 2800
3921 539
1255 3161
2230 3606
3906 202
510 2958
3304 2152
1929 3285
2742 1588
3659 1089
123 1576
3584 589
789 642
2912 3138
763 1157
3860 20
2748 188
264 1583
2536 3776
2881 3796
493 3004
624 1182
3941 3311
3047 1706
3821 3281
1452 1910
921 2938
876 2217
518 255
3410 2996
1681 1310
1240 3287
1767 925
1884 2823
2972 142
3703 1199
863 950
2603 84
2030 1646
187 30
1126 1416
2879 1875
3358 3542
3959 678
2196 2696
3584 2576
552 3157
1957 222
3048 2012
120 908
1739 1387
3809 2671
2338 3647
2422 3929
204 525
44 2361
841 2401
3212 289
3409 3653
2538 2444
902 3365
2962 415
2887 3280
452 624
1383 1729
482 2564
3614 607
1031 2301
381 1985
698 3060
391 1750
2338 3427
3134 228
3133 1767
2652 1199
2412 3684
324 1245
3249 1129
568 3768
1724 3221
780 1780
3586 3065
2971 3633
2064 800
2744 3810
1918 3598
2888 1391
3047 1189
3086 2777
1495 237
262 2684
3334 724
3670 1210
3557 1876
2306 1141
3798 437
2464 3452
225 2227
2251 2570
3556 2881
2555 3788
3051 973
821 258
1473 1766
3295 1511
1029 2940
1943 1044
384 2055
1828 3714
2101 362
1645 495
3418 857
3337 1922
1063 1945
1495 1490
3949 3111
1231 1701
1864 699
1688 3125
408 974
507 1783
1101 2426
1303 254
897 3394
3671 1406
3274 3602
1729 589
1423 1992
2289 719
475 3890
2341 2737
3472 3290
3098 3221
607 64
2743 1040
2901 2022
2984 2833
23 2258
3246 3492
465 3855
3285 3445
107 3925
1766 3992
2142 2282
3422 488
2406 585
959 3087
2616 610
2469 1606
629 898
1148 1789
2559 3349
2672 3485
3212 841
1508 204
3705 3477
1671 721
577 2201
1796 3704
2158 1096
3290 3000
2511 323
1420 3891
3659 3496
2104 3998
3924 3883
1357 2659
1247 2019
729 3683
1492 1129
961 3039
1793 3996
118 632
1460 1385
3460 2997
616 1033
2891 3910
3551 3178
3091 167
3601 2227
1980 2663
3428 706
2196 905
1085 2329
3533 490
3862 2617
238 453
1392 845
1288 3539
1547 202
2764 1879
915 1781
2747 2457
2461 838
3710 1969
307 3083
2519 3751
3180 1904
1784 3288
2752 734
1907 1627
1658 2881
2641 101
3727 79
135 618
430 2694
1477 2629
2712 3796
753 3770
50 3997
3540 3322
57 3737
2899 3463
1397 1788
1377 536
3953 1082
658 863
1930 3274
467 2376
3973 2986
2521 3397
646 1444
2040 3497
223 1391
2325 561
70 1433
2749 3754
2762 2788
1207 1422
935 3982
1527 3185
343 2454
1044 155
364 3227
2685 1943
1403 3783
3528 2060
1371 3884
3883 1929
3151 878
1327 966
1376 2465
33 296
1519 532
1514 3142
1289 655
3618 3434
1211 88
768 3514
3752 1948
21 664
3545 3309
219 3910
3956 3687
3880 3950
3761 2423
71 705
233 1726
1992 1950
751 2194
1110 3413
3363 2053
170 525
1029 2155
2750 835
1831 726
3877 211
2182 2404
2105 3836
858 2140
3893 1248
2572 1428
2853 3849
3080 1622
986 3218
1139 1157
1730 1988
702 2971
2231 2432
828 2516
3894 1437
208 1392
2644 3922
2891 532
3148 1846
2709 307
1692 1318
3593 2220
1649 1127
3462 3412
3743 109
386 1269
2326 1435
258 1974
3985 1868
3432 2429
1552 3921
2669 3090
1385 2171
2735 390
3291 604
12 3029
1571 2857
2927 519
3187 2083
1098 893
3359 3831
453 2538
3065 2210
2390 1248
2144 3512
2386 2381
1525 1543
99 741
2926 2072
1339 66
2926 1590
2215 2760
3732 2066
2631 3278
1875 3685
1117 2875
227 631
1092 1133
565 353
2563 1216
557 3086
3330 716
3595 2215
3100 112
1226 3471
118 2574
3661 1707
1871 3735
2134 3879
3320 72
569 2485
518 1781
3569 727
3846 3685
1425 3327
3952 382
3134 3508
1087 547
2459 3128
608 3515
3077 2953
2441 628
3552 677
940 1959
3409 2737
3404 2942
878 154
2478 2579
210 3837
1748 219
3926 645
70 3331
2620 2740
3346 3609
1102 2436
3734 270
103 3373
3003 3867
1871 106
325 290
3181 1815
776 854
856 3486
2045 1246
3343 2418
1621 758
330 1243
141 2422
2128 1172
514 566
1418 1105
231 3314
3224 3557
1525 2859
3874 1955
1731 2127
978 1027
2358 474
2240 3623
3674 1373
3918 1662
2546 414
118 2409
3724 2559
64 2237
24 547
1752 456
27 2126
2496 2295
1983 333
2498 3607
877 3415
3624 2555
862 3090
751 3134
462 1560
1561 265
2162 1531
450 1783
1324 3495
438 566
3100 71
3201 465
153 1195
807 2188
1376 2248
661 3728
3052 640
1079 3016
2023 1220
2092 2634
448 2488
2423 890
1598 150
1239 2892
3316 3989
857 2601
3221 1354
3308 1459
1353 3856
341 3500
1729 1189
1732 1172
2952 373
2599 2834
3834 2778
3646 629
2009 1380
1487 1243
3774 3702
1307 849
2253 881
3760 444
428 309
2528 888
1173 2757
3186 2303
2857 202
1528 1612
2216 1723
1505 2400
2079 2908
3247 1509
1697 772
875 1458
633 547
2232 1422
1790 3556
2885 2008
1480 1007
1607 1318
3170 1554
423 2636
65 1729
1847 1376
820 1116
3019 2076
797 3376
1478 2788
1471 3744
2002 1480
3607 1510
2804 3499
528 3476
3103 2405
466 448
968 902
3706 3520
570 509
2448 3442
1707 376
1685 3519
2126 3724
1052 416
3371 792
3163 3457
3884 2917
3457 806
3961 16
938 3884
1350 2251
2193 1329
715 1216
2085 2166
1908 2200
895 2403
570 412
371 2444
2483 3481
2469 2419
1637 3273
3550 846
1601 3952
2431 3883
3693 868
2133 1329
162 2897
2030 1737
3704 3420
3019 2620
1086 3494
2550 606
2350 403
1077 2252
736 1451
160 3474
510 2337
2512 2160
1369 1203
568 2046
2138 2769
2937 909
2139 3969
3600 3760
1239 1025
3091 1019
2814 3375
3580 2506
174 3622
3876 2310
1439 2474
1492 1828
1597 1670
568 2958
3932 788
2165 1829
647 3549
2973 1799
249 289
320 3342
1072 1433
3525 2810
2942 3098
410 3952
1922 2461
552 3298
1207 894
394 2193
3563 3618
1951 3344
3634 3100
542 3467
3324 2161
1578 488
1988 1722
1094 2892
939 1930
1258 289
3077 657
3255 2487
1618 3200
1992 3977
1487 3790
3817 3905
3214 3643
1228 734
1955 3731
3578 1045
1953 2676
3495 3702
2757 564
2921 1745
3024 3389
2794 3993
3963 2778
124 1351
806 2935
492 3650
561 3747
2970 2301
3343 793
3912 1857
2904 544
1873 1421
766 3056
573 2555
1250 150
3218 934
1959 3802
1580 3305
3943 1694
3280 3176
3942 2953
989 2165
2308 1317
1317 2572
3958 6
1851 1984
87 141
588 1306
1979 75
3603 3167
1764 554
264 113
3129 3048
3705 153
659 2373
476 291
2234 3360
2595 682
208 2556
1649 1910
748 105
2604 1699
713 1088
371 3877
1024 1167
1714 968
1428 1814
596 2940
2060 593
664 1777
1350 2519
3559 3487
3338 610
3525 1674
2269 3792
1478 132
919 1961
2371 2131
823 994
1197 1236
1781 2882
513 1472
2200 1475
1469 463
2569 2555
3826 3194
2856 1339
2330 2181
3358 2584
172 3388
3635 552
877 3517
2592 2639
457 951
519 667
2531 3186
1346 1356
3177 1199
2874 3353
236 656
3385 2639
1967 2267
2081 2011
1917 252
3614 3977
2335 2921
282 1869
174 2505
1872 3555
3110 2679
3043 2419
860 2148
1263 151
594 3515
3840 1695
201 425
450 437
2038 3869
761 2749
2935 1740
2643 2143
455 1144
1018 2280
3952 1233
2542 941
449 3612
1394 2065
929 2548
293 873
3523 3566
2324 2559
1531 2370
3694 660
2863 3718
3769 970
3793 1149
195 2016
1612 3473
2715 1054
3356 3996
3137 3220
3 3821
475 159
2810 201
3178 556
2597 2576
381 2431
810 2017
1956 374
3907 545
3271 2825
3154 3608
471 2421
2293 2172
613 1434
1018 786
1875 866
2708 3762
1256 1219
1294 3083
2344 3814
159 1543
898 1608
3487 3824
364 1761
2810 691
2732 1508
2243 2244
888 3302
2858 514
2017 1699
2897 1756
2187 3005
2139 596
1536 806
1734 2403
197 1152
890 2781
365 2050
2498 406
1421 126
1083 1510
3057 641
1003 41
845 187
2612 3850
3829 96
905 289
2256 654
512 634
3947 2447
969 760
3595 2657
414 3449
3333 757
3035 1308
3153 3125
2415 1665
1372 3657
2707 3216
2653 28
731 2076
2251 2842
2283 2857
2412 2877
1452 428
3953 1640
2399 1682
3840 1843
1458 2948
3954 232
80 73
3263 1838
2365 1132
3478 420
1347 2912
2610 3824
262 3169
2153 2425
1759 1468
1734 2929
1991 1842
3386 151
914 3162
2990 2268
1694 3525
1980 2949
1644 2565
1439 1392
2670 1200
2472 3066
2242 897
3763 768
734 2112
1401 837
620 1219
518 884
2264 821
3374 486
1960 2582
2012 2917
3435 3204
459 882
757 3416
2585 804
170 2932
281 1235
1432 3707
3303 2100
2475 1505
993 3269
3643 2437
2740 1932
2888 1852
2645 1883
2473 2257
626 3126
3329 1321
1576 1208
2707 651
2517 979
2648 1472
432 3766
2287 3735
408 2484
1524 2189
3531 1955
1395 2379
2361 2690
1278 2736
1527 1855
1950 3728
2232 1815
3271 61
3577 3679
112 1221
571 3939
1761 1276
3287 2541
2892 3068
1005 3400
2561 3083
2142 325
1469 2460
2555 1822
3331 279
413 345
3375 2397
214 1328
3494 3847
7 1710
2769 1775
3764 2524
2572 2577
2037 638
666 2259
1166 1751
2139 1955
1090 84
3713 1024
2179 3879
2815 3675
2061 339
3523 1663
1172 2824
869 3183
314 2991
1344 3887
3558 232
322 3687
3474 177
2975 1251
483 491
2218 2813
703 2136
2534 2111
2841 3303
601 356
528 2323
962 319
2618 1352
3981 2654
2011 712
453 528
2170 2445
586 2692
2454 1712
2051 1684
1460 1994
3701 3746
3677 3192
3828 2690
1830 2116
2042 3832
3471 1218
982 1315
1584 1848
2982 1851
1136 34
40 3895
729 2133
3885 530
201 1602
3311 2126
1354 1757
1829 153
3236 3166
2516 3888
1648 1767
2825 161
144 2984
3428 2837
2014 832
2967 3214
3171 389
3536 2350
3881 614
3378 1912
467 2638
3499 2074
1099 1323
1249 3979
3740 2704
3310 1297
2017 984
46 1479
637 2317
1943 1693
3373 712
1673 960
2587 1177
3397 412
2420 2632
866 95
3676 2653
382 1183
3616 3198
1554 479
1613 727
3945 2670
639 3455
1747 3696
3869 2648
1653 2690
35 3479
3011 2616
991 2533
2640 1833
2656 3749
3557 2413
3244 2679
3217 2341
3506 3932
1440 3453
2111 3355
3182 3918
2132 2916
1534 38
823 146
710 3724
2825 2550
1997 1022
57 2866
3001 221
2583 1411
3298 748
491 2020
3819 3829
2119 2734
1010 781
90 3748
3269 3417
1863 2990
1495 1041
853 1252
3827 3459
2856 2157
3057 2331
3824 552
1543 417
640 2188
1346 292
802 715
2261 86
1257 1628
1776 120
7 3033
1013 3704
2880 1190
2823 2551
2142 2836
2436 3184
3846 420
21 470
396 3471
2051 3421
2019 998
364 2011
2391 310
3638 784
2398 3598
2659 2437
844 3076
3014 241
2214 3380
3350 962
2938 810
3296 1882
2573 1347
129 2679
1941 239
2868 3927
3592 1882
2121 955
1075 1547
1303 2988
1008 140
1683 2012
1490 2475
1825 2191
2115 3776
3083 441
3089 592
656 3465
1956 3761
3262 2278
2995 208
3363 1561
3447 2767
3328 2252
3967 211
3936 689
2534 2941
3815 2438
3362 2871
2094 3639
1278 3249
2670 773
43 2028
2555 1541
3666 1144
1940 1132
2158 3001
2391 3338
888 1935
570 1268
1314 54
2936 2343
103 2506
1896 3082
3778 335
724 3603
2847 721
169 3980
3312 1544
522 1879
1057 94
1322 1648
398 2675
2137 275
435 2784
607 221
3427 2331
2727 3799
3293 763
2942 1392
1820 1213
1340 490
3182 70
737 3705
8 458
1412 3175
2232 3564
1512 2779
2747 1862
273 474
3056 1067
2070 2639
1452 268
3062 2600
1199 3224
1840 129
3703 1351
3661 3941
1396 3225
1249 1361
2075 666
3570 1051
1439 2857
1720 1555
3069 858
2726 810
2935 2424
999 592
132 1359
1645 1218
293 2985
2886 1060
3707 567
2896 2986
2743 1234
911 2142
1522 3266
2364 1597
446 3167
1792 322
60 2998
1985 1544
3472 847
2844 1930
274 1069
3508 3821
103 565
3785 1569
1711 3411
2509 1891
4000 569
2643 2087
723 2857
2185 2292
1469 3572
1288 1200
2785 3588
3561 3102
515 216
922 580
288 366
1937 1970
1533 838
2113 2816
2429 707
2059 2776
1623 1749
470 1780
2887 2774
1218 1545
3940 1970
1337 3620
2834 202
455 3603
3897 1530
2732 551
181 2489
1711 2456
1007 1026
1621 1738
3404 17
1522 2991
1285 3951
1824 2350
3287 3090
2670 994
2971 2911
2778 326
3705 849
226 3631
3128 606
408 858
3257 344
3700 2696
2629 3474
1934 2118
3012 867
1740 818
1104 3472
2776 2236
2793 1381
1238 137
3658 67
2324 606
188 2113
2691 2395
2474 3916
2726 2597
3956 177
3497 1800
3720 413
1619 1053
1229 1059
3038 2697
1954 189
1575 1190
3879 726
2177 934
3546 2696
1327 3829
3909 2242
3922 798
341 3820
3871 3408
14 365
1717 1347
3582 3661
1581 1878
2096 2359
2771 3994
3617 641
340 2741
312 3407
2232 3808
2929 1940
3314 1905
91 3291
3318 2208
195 3494
2667 2244
2768 628
768 3070
432 2920
2436 3545
3251 3272
3312 2543
631 3715
3368 1264
995 2742
1475 3039
1017 2065
2918 1757
3557 1749
2231 1386
2875 1537
3345 3368
384 3886
852 99
3239 1015
3135 1550
3935 1341
3296 2032
3211 650
2058 2143
2898 21
2697 907
3000 453
1714 2686
429 377
2111 2019
3972 3366
2777 3589
2631 1027
118 793
2185 1890
2342 3934
3452 1312
681 3683
2788 1343
2755 1610
3052 2033
2482 3085
1752 2073
1151 3006
3962 3436
2355 2259
3528 286
3245 257
110 1978
1585 1672
3136 1073
1058 48
1939 1431
3379 1042
12 1738
3675 3674
89 3541
3207 172
1663 3316
85 1572
1940 3929
2462 418
2798 718
3666 806
3483 636
2987 185
1170 1516
3227 3020
1898 3915
2631 420
2282 2739
441 1654
3009 808
1968 464
2807 160
2779 3321
515 2055
3878 2969
254 2209
371 444
1784 2865
2316 3474
1353 218
1432 59
1131 2020
1165 3522
2374 2530
2086 2183
108 369
724 1185
935 163
1369 2500
207 2589
3379 2079
2816 3422
1558 1225
107 1569
1661 1310
1196 1604
130 452
3804 970
268 211
584 2718
745 436
514 3961
1852 488
2550 3078
2168 1133
64 3204
1230 381
3388 2604
1603 215
382 1620
294 3458
2659 2450
2721 495
2151 2725
1485 2815
1656 1264
267 901
491 2824
592 685
3374 3473
3360 3324
1502 2148
255 2362
1786 660
291 558
2135 625
1582 3848
1686 652
2940 2565
2003 1980
1847 3822
3550 1248
371 610
2831 1702
3671 1782
2038 1036
1304 954
2001 101
2765 510
2114 3614
1278 1940
2496 2465
382 3799
3437 922
3003 2349
1255 3704
1715 649
1443 1334
650 2676
695 2843
1305 1485
694 1343
1001 750
1410 783
864 2705
1853 306
1627 595
1888 1452
573 3864
3216 931
2695 2543
941 833
1705 1175
2189 2842
2871 1986
73 2926
3807 1657
406 2321
3322 448
3639 3113
2914 1756
2001 2999
2275 370
2335 3706
3828 3986
2151 401
744 1459
3852 3039
3456 672
2629 211
1443 2740
3790 3209
3441 1091
990 2251
3316 3865
1433 3516
3833 934
7 311
3869 1818
997 3315
75 1037
1210 938
3749 418
1452 2266
97 3341
820 3467
950 2451
3503 2610
3798 3505
1942 2069
1439 128
1905 3920
2029 2903
2536 1208
1394 2642
26 2334
265 3121
3185 503
2023 3588
2965 2425
83 3077
3264 520
311 3942
3698 3090
3959 2317
743 3063
2018 2141
2694 3757
935 24
3162 3011
778 2786
2246 1861
1142 199
3476 3711
2677 2143
751 165
3358 3473
1683 1171
2159 1813
3233 112
796 3871
2551 2873
2790 889
575 2427
1774 816
3751 3232
3052 274
1777 1422
2940 2230
2540 2764
1304 2109
2466 3174
428 2743
1011 2035
997 1513
259 3574
203 1902
2511 258
2898 3899
1158 3297
3563 1031
309 3895
192 1675
1571 354
448 1030
2207 2980
600 517
2903 804
3747 3873
2634 2386
3970 3497
2527 2410
1103 1378
984 3867
2126 11
2114 2313
3270 2278
3598 3983
47 3636
1412 424
717 416
3830 2800
668 2015
148 2215
1867 2166
1919 1846
397 2301
3391 3061
2670 195
2776 2700
132 2610
2714 313
1958 2164
1593 529
2337 2581
221 2442
584 363
442 2552
3788 724
1890 1303
3597 2463
1913 1929
2703 1774
266 2399
1105 2106
1913 2109
282 3159
2296 1946
948 1689
1182 1989
3261 247
3444 2414
3612 3471
2290 2148
3345 3915
3882 2395
2000 3459
3650 3729
1488 2307
936 1104
3167 397
1633 2102
280 3362
3331 3059
1047 2014
772 403
3820 449
2899 3390
1455 341
2373 3388
2899 3564
1010 2396
3166 1546
609 2230
1527 68
3713 3056
2337 1447
858 2270
7 2075
2051 2542
2392 297
1685 163
1494 2011
1696 384
1257 1732
3069 423
2649 800
3459 642
2972 3581
254 1538
2701 2841
2045 2406
3422 2861
2027 3327
1519 3627
3360 2481
3071 2789
3224 316
866 1838
2853 3612
1651 3332
3809 2062
204 2222
2246 2741
788 3810
1729 2107
1529 1419
2980 507
2719 2409
2492 639
439 3193
2690 2469
2035 3735
1909 1032
3928 2145
3144 3868
1365 222
1400 3161
1044 2046
2754 3036
3310 1411
1394 2283
2244 673
3326 983
1547 3554
820 3623
1639 3726
1073 2834
188 1545
3477 1293
1313 1692
3251 2374
1846 3481
172 2768
1591 2265
2430 3841
722 2024
1593 3992
3413 1252
563 962
2251 1921
797 1887
3561 2257
374 2176
227 3554
1342 2740
1829 1320
2381 1860
2335 2813
900 2747
1376 1414
3556 1738
230 3448
1119 3819
1013 1882
2700 1540
1735 3597
958 3086
3587 362
55 3063
2640 1258
2905 133
2155 108
2878 3324
3863 1618
40 2081
2101 3341
2011 2816
1301 3643
3210 2699
1964 2605
111 548
3622 526
1215 2301
3741 1697
413 30
170 618
14 583
380 1520
3149 2199
2183 993
800 2412
2111 2743
1739 363
3493 3033
323 1922
289 2469
3237 2860
2096 1420
2536 2965
1920 159
1809 3422
2586 3753
3270 3556
3999 3261
1668 956
3607 2193
2836 962
3621 554
1820 1170
2783 1435
3667 3894
3420 3368
119 3778
3599 1616
3266 3324
2195 1259
2969 1247
679 1711
1415 3938
3613 2649
2506 2805
238 171
2253 844
560 3793
3094 2303
778 1896
1824 1680
3430 512
3627 879
3592 2145
1267 1818
2047 3053
2687 2089
3034 3237
2715 3434
1533 3247
871 456
436 1269
369 3985
1191 785
2305 792
270 2088
436 3160
2567 117
3467 1242
3334 968
2852 473
2828 3374
1353 196
1723 466
3112 868
3944 2692
964 1054
50 3065
489 507
3187 1172
3493 2406
3381 2916
3285 2870
3718 3245
2942 3149
3567 1739
2013 2432
3297 2133
3425 87
2609 1534
3000 183
902 1474
3655 319
2256 1759
830 3344
3931 2369
1066 3185
485 3907
141 2161
876 2738
651 686
3595 3508
2727 3190
2855 3786
494 556
1349 3666
1521 749
638 2320
1113 3635
949 1549
2358 3321
1609 640
729 2369
2982 3821
1987 2579
3745 1515
3100 1606
2979 3787
2952 132
3077 2869
1912 361
1854 85
1501 2444
793 2038
1570 193
2122 1261
3259 382
2114 2490
1784 1469
3297 43
1022 482
1900 3041
3320 1469
3071 1014
3562 3762
1412 159
166 2231
293 175
3747 2109
3646 2749
395 1619
1719 1415
1395 2055
752 2038
1904 3502
2878 1956
360 1351
1557 3323
3943 3035
3942 1023
947 167
716 1583
1346 3165
3393 2249
747 168
3350 3884
1018 3343
2243 2689
3848 2524
3163 1948
2826 1917
196 1568
3400 3786
2341 3681
1201 3336
1761 878
1645 2093
484 2542
2835 901
1371 778
2973 629
232 651
3705 3998
3222 997
3681 324
2698 3893
1580 2736
1979 583
454 274
516 2748
3390 3371
3415 1033
2943 2634
852 515
3617 2677
3002 698
2113 2923
3261 2339
782 2952
441 2875
2405 3112
582 1160
3872 2415
1517 2402
2282 3657
1753 466
1174 2413
2353 3642
3345 7
1669 2294
277 2935
3783 3873
1535 2068
2813 2011
3715 1076
2708 1321
2750 2896
3447 2813
397 2148
351 1816
2396 2357
1133 3789
1281 2934
2742 3784
1803 12
3583 3215
1461 3920
3306 2792
3359 2198
1135 3579
3262 748
622 1497
3123 1572
1795 1693
1754 2933
284 82
2756 991
1607 3285
3271 1678
847 1468
1716 641
3721 695
1418 2315
3114 2710
617 570
3420 2732
553 310
1040 2258
1452 2924
3541 3023
1841 3435
138 2614
1770 2223
304 529
3537 125
2884 2397
470 1166
3084 3925
3996 1071
80 1972
1861 327
1963 3701
11 1147
609 2621
1809 15
3539 1499
1689 2126
1297 526
3831 140
1456 3945
837 490
3164 2899
664 1050
1775 178
3572 3875
2563 3688
3324 199
3236 798
1196 2307
234 3297
3018 3639
2982 2666
90 678
1402 1858
241 2880
1006 965
1997 2494
1952 3302
3811 2574
379 3732
2424 3153
716 828
916 32
2353 879
1428 3414
1842 1926
1119 2634
1237 610
508 1499
2349 2809
1826 2001
2002 1102
1903 2594
2071 3327
2941 2674
1048 485
2898 831
946 824
1302 1564
2296 113
3467 2523
1155 1076
600 3729
2313 1966
3399 2036
3825 1275
2320 2184
902 3947
2581 1979
138 3621
2767 1102
2413 3341
3400 341
222 34
1131 3649
993 3211
3065 3195
1378 244
2398 1235
393 3443
2659 2939
1775 80
2980 2925
2799 2564
581 116
3488 2529
1217 1034
674 3282
708 317
2232 516
2426 727
245 198
2342 3263
1049 3853
663 1658
766 2299
1176 1590
1166 2977
3207 2376
3736 3170
3593 2900
3554 2553
668 461
3745 3838
2892 1662
1223 3718
266 1896
28 873
2554 524
1424 1255
300 1548
3663 333
974 3182
2295 2644
1920 3809
1318 2988
136 34
952 663
3014 800
2639 1080
1162 2015
1235 782
3877 3834
2653 2652
1950 1517
1550 3499
358 3346
1189 1425
909 1802
2641 1460
182 2847
1636 3786
1257 3655
1161 1219
2761 2283
2551 1929
2021 521
1029 3782
466 1111
2145 1191
2680 2281
2268 1024
3403 2612
2088 464
670 116
3781 1190
3347 235
1112 1412
2678 1707
3613 3043
3467 3030
543 3544
1573 292
1925 3253
2456 645
399 3763
3729 359
3905 3502
2917 794
511 3185
775 3218
2779 2068
2910 1837
3114 3491
1878 566
2301 3585
374 2281
623 2701
1522 3480
1499 3588
3489 13
720 3879
3378 496
1350 3998
3130 2156
787 3869
2578 3245
1722 485
1887 2637
2116 494
3473 879
241 293
3632 395
1904 3953
2868 1900
2349 1946
1652 3606
3051 1899
3041 2476
1747 503
3956 2385
2347 1338
261 3533
490 3298
1438 2738
299 1902
3375 800
705 1237
451 1318
1674 394
1747 2409
1638 1343
3481 938
3977 2728
2664 2051
495 1473
3290 754
2800 498
2378 2458
3221 3986
2243 1830
2185 42
632 1679
3987 187
2646 416
324 2435
1591 2136
3244 3259
1496 943
1490 581
2093 477
3555 2757
3476 1655
393 1260
1543 828
3072 2493
1430 2255
1702 2250
1588 3909
946 2142
3089 642
1958 2561
200 639
1607 2103
1433 3374
3757 1450
3706 3745
374 1897
3306 1832
2783 2385
2438 3258
3766 459
3807 3478
3722 1942
2188 3850
1156 423
796 1300
2554 1038
2670 518
3425 1210
1477 1103
2050 2176
246 1816
2961 1368
324 1453
730 3176
878 797
2973 2917
934 547
220 2615
3206 1830
753 1885
767 3581
1957 3441
466 3575
415 845
258 890
1050 3373
1289 3690
2811 1335
522 3501
1473 3481
3207 2765
1693 594
52 2398
580 2772
3019 1216
898 8
1218 1798
2194 3890
2650 1112
2092 2198
2393 1847
2845 2204
474 2335
1981 1360
36 82
2589 461
2904 3986
1951 1915
1615 3086
2827 2997
3300 2113
2239 1968
813 3384
2695 3354
815 3475
1453 3391
946 205
2931 2674
1811 2687
1246 234
826 1186
3061 587
747 3252
2027 2694
3296 1788
3929 419
87 3057
3983 3870
200 3353
1996 1040
2458 2670
2829 3472
2198 1317
1442 569
1371 722
711 2606
1460 1158
3282 2875
647 858
456 1981
752 2033
3189 2245
3790 3160
1595 1977
3707 145
2346 3004
1601 2514
498 3184
1643 423
3157 216
826 3615
736 1890
794 229
1051 2885
277 1837
3103 680
1317 3699
2856 2691
2575 734
3563 3018
1646 3018
1097 615
3406 2022
68 198
3227 3579
2258 3256
1913 815
1936 1360
597 1449
2041 2258
2747 3957
1783 461
777 2090
1049 2822
3748 2059
165 1111
10 3115
240 1016
3560 2484
172 3581
109 3497
1569 639
734 1738
2720 2752
619 56
1331 3177
3394 26
3641 854
2435 3328
1297 245
3444 454
1172 1610
309 699
3944 3895
1654 1154
2162 858
1896 1240
1324 1399
690 2072
1751 728
1829 2107
178 1138
1458 516
844 3850
3738 2651
535 1112
2630 1976
3678 491
2969 387
1784 557
3810 793
3485 1255
1718 3762
1624 808
3549 1472
3486 2882
108 2778
2942 3414
1779 2938
281 370
888 1956
3572 120
2340 3881
2732 192
1628 683
2441 544
2515 1665
310 1388
2078 2365
2288 1753
3912 332
1404 1734
3623 2365
158 3356
2958 2310
168 2261
3300 2723
2160 2812
1973 1697
1477 3315
3144 442
1539 251
2321 3234
2596 3567
1000 705
1465 3666
1209 2082
2010 2730
2685 3052
3771 2861
265 1614
3744 2299
3302 3552
2386 1740
1761 455
1010 2156
355 410
1805 3075
2148 3
560 2266
188 328
2718 987
3706 3819
3296 248
2360 142
828 1903
3502 3803
970 1421
742 163
2050 304
2000 1925
2522 1937
1015 913
1679 34
212 3214
3745 3188
3330 665
3013 3005
497 2447
2581 1591
159 3756
2090 236
67 3637
1133 3793
2380 1395
1290 145
1354 3841
1158 812
395 3400
1938 1151
1865 3305
416 2662
2562 3195
1494 319
2280 2837
3906 3760
2809 2670
652 2924
2962 3075
1010 210
1728 1209
719 3286
1015 1444
157 1092
679 743
766 1763
2987 2525
3861 3478
2468 823
410 3305
3814 3367
2638 682
720 3548
555 3573
2018 815
3168 3925
746 2685
1756 1992
2848 3478
1480 2786
2035 3862
3290 2516
2595 786
1159 3822
2384 341
185 3651
2226 1611
865 909
3051 3870
1711 1873
3899 287
3968 356
1074 2023
2295 3373
1707 3422
111 3597
1079 1565
975 2140
2999 1807
415 1110
558 1821
1882 3126
1942 2954
5 2530
3410 3771
1439 2823
3332 732
2489 3846
3105 3007
2568 2319
1121 262
1593 1389
411 547
996 1603
880 1278
3524 149
1991 2294
3206 2505
2521 3980
3424 3951
621 3741
1700 1664
1415 2286
1140 3203
3677 3308
3288 3798
3147 948
3727 2954
2311 3089
866 2255
983 3621
2335 3443
3361 842
2500 645
2051 2008
3354 351
1188 618
2629 2019
75 1660
1817 1860
847 3256
1967 552
3439 1937
568 13
3811 2895
1809 2922
1650 2765
1559 2424
3333 3967
1821 2481
1756 632
1212 759
2368 1899
3467 2520
1304 2768
207 3248
352 1225
3828 3407
23 421
3197 1981
855 2949
2616 2812
1291 1374
629 685
252 1758
25 725
2156 178
1742 1441
1095 3431
2397 3111
1462 1488
1023 655
2678 2248
1968 3731
681 3096
2021 2435
140 3195
3327 3371
1448 2847
1 3513
3980 655
447 3865
2907 175
2711 2820
290 648
1476 1049
205 1509
464 2602
3995 477
426 2202
2639 1393
1401 645
40 856
784 1665
2195 90
1154 1124
1759 986
1527 774
2193 3959
1376 2248
2554 3636
167 2901
3558 1719
2059 1768
2454 3183
811 3278
112 3482
256 1581
148 2117
3536 998
1203 2741
896 1431
1116 1734
3882 1795
567 1298
1552 2774
2005 3604
1807 3012
3143 1742
823 2993
654 1991
1210 1494
2451 3801
3299 67
2809 2442
778 2752
2511 1945
1221 505
1258 3164
768 889
179 1000
3312 3605
2141 3344
676 2572
345 3473
1565 3118
2413 878
2048 699
3074 3223
1194 461
1277 3951
2340 3161
2225 46
214 3346
1843 1732
544 3022
2478 3840
3751 877
3512 2768
2925 1015
1989 777
581 3302
762 2474
2693 1284
1764 2428
700 213
2794 2652
1926 696
512 3964
2686 650
510 1478
51 3244
3281 99
222 423
48 1212
3347 2157
657 255
1494 2241
413 995
1616 953
1601 2063
834 3
3047 2136
185 3910
676 1514
771 3274
3347 330
2465 1915
2466 25
1405 234
428 59
2909 820
2535 3544
3417 1255
830 547
1002 1187
33 2746
867 669
2171 3885
2405 3434
549 322
1325 3001
1658 3799
1136 3937
2283 3370
2699 766
2547 3350
2452 374
173 2719
3253 2593
1925 2352
602 1544
1804 2595
1096 3981
3824 961
977 908
1867 3210
2533 2080
3195 3287
2059 2760
274 158
528 1867
751 3477
223 2267
1421 123
627 2966
3290 3988
649 3666
3562 2003
377 1402
1805 1085
3237 52
127 43
1299 2150
1694 3312
632 1144
3585 3612
2646 1082
2599 1184
3879 1257
3726 2835
26 1711
37 149
2942 3433
3716 1330
3517 557
666 329
1931 1899
1959 3117
318 2547
3339 1515
128 3159
959 461
2754 1651
867 639
948 3882
2903 208
3123 2162
2958 2652
1762 3572
3040 903
188 2765
1407 3116
904 24
2828 535
78 3535
3531 3888
1226 2191
2740 3705
1887 2204
11 825
1901 1989
1298 26
3685 1514
2526 432
956 3355
679 860
1247 1506
1476 527
1415 1315
2262 3603
2093 3075
2116 774
3551 167
1800 776
1331 3071
7 1848
3547 1507
390 345
2969 188
3963 2779
85 134
2306 3767
1646 724
305 3227
3662 437
2158 359
2593 1750
159 2711
1062 2792
1379 2914
2630 2275
2975 930
3173 139
955 1493
2487 3538
1710 1635
3349 2270
3959 1697
3824 2988
1006 3766
2949 2901
3706 348
1906 912
709 745
1896 2617
3085 558
1121 2768
1787 1952
2868 901
2905 3765
2310 1075
1120 3761
1283 202
2512 226
2478 2865
2211 2280
3221 1995
2468 154
3849 3002
2492 2885
3596 738
3822 1654
396 3663
1764 3609
1199 121
3912 2659
2767 3239
3831 2573
904 2450
435 3202
3631 1548
697 795
3366 320
2835 1256
493 2459
686 3955
3579 3563
1326 2880
3374 999
2208 2487
607 2672
2320 2245
1977 1399
861 3071
1099 3775
266 136
28 1923
3222 3222
1375 1787
1262 1712
2471 1115
2753 3898
669 509
3701 2421
2159 513
1336 288
3403 2737
3001 1027
781 618
1976 910
3861 2552
1372 350
2973 576
2532 1056
1417 2852
575 2008
671 2499
767 3780
3865 607
3115 3196
1721 867
885 3837
2844 3813
428 3015
3346 3656
2930 100
3662 933
720 1130
3257 2251
3049 450
299 1284
2893 2441
2236 2298
3855 3319
1272 666
568 1631
978 1655
1501 310
58 1938
1903 952
2865 3897
3154 999
3773 2382
880 501
2232 618
3183 1604
238 3394
1472 1739
871 1896
2521 284
3937 1268
2661 2116
1410 3397
1818 2771
812 2466
1099 1853
3250 1958
3296 1088
714 2908
3715 3527
1508 3047
1788 909
2553 806
96 134
2535 3605
2788 3099
2013 3383
824 2548
754 3539
1682 3868
283 2525
2985 1471
508 1846
452 503
1342 598
2225 935
3714 1065
2938 2343
1045 2456
2453 898
1445 3434
3130 2844
3827 1451
3323 2327
3305 459
1391 3672
3822 2089
2127 1990
600 2034
2470 1427
1153 1317
3938 2495
509 665
3920 2232
2314 2593
1991 966
2377 783
2466 3878
2348 758
3252 1589
81 2228
1688 304
3886 912
1927 2938
1581 385
110 1470
3354 240
286 3477
570 2462
933 3561
2207 2472
62 1083
1594 746
932 1987
3184 3138
3309 3670
1423 311
2837 2540
2338 826
3384 738
3460 1995
2884 1822
2258 2623
461 2354
836 3072
3235 898
2141 2198
2082 1193
1920 2885
3881 2073
2886 2966
3021 481
397 635
2478 276
3987 3437
329 2856
804 2584
3984 3100
48 1498
792 638
1569 968
1457 2699
2475 3185
763 280
900 615
1879 1393
3574 1467
2747 2368
627 2056
1771 528
3977 3667
2660 2258
1206 337
1818 3200
2621 2442
3205 2272
985 2621
983 1004
210 1859
3185 3759
3406 120
1175 1554
3850 2104
2913 409
2761 3590
1556 2663
3627 1747
1872 3881
1281 2365
778 3441
2977 1110
157 3010
3862 1127
413 3276
985 1492
2797 3320
1797 673
2769 2822
647 3957
2310 724
2933 2718
2193 2403
898 3222
3829 1397
2671 3173
1705 1497
3523 3238
3241 1802
765 3278
1259 3796
3081 2667
341 921
2226 2313
110 275
1848 347
1330 3867
3842 3543
1418 2122
693 2179
923 2749
3269 495
1885 1694
75 803
879 3105
1752 1563
553 2732
2186 208
627 955
3869 2936
3092 419
3203 976
2893 2197
438 1402
3719 549
1485 1250
3914 3851
2765 229
3824 1641
1090 3860
25 879
2671 1397
3008 604
163 555
365 2854
2156 3671
2061 1340
1104 1791
1055 3273
1465 3790
3568 763
1457 1147
1162 1349
1871 431
8 3906
3664 1313
301 284
3626 3588
2550 588
1980 2693
2797 2018
3082 1805
2879 1478
2888 813
1936 160
3925 3131
3118 3734
2666 2359
323 2164
786 851
2607 1105
3837 307
629 2287
3280 177
2324 1443
2015 1380
1530 3350
2589 2786
1556 2699
2227 612
1256 1890
1071 777
967 2012
575 3453
189 1184
3807 3707
1771 510
3215 2833
3224 2290
3785 3363
2691 3050
1585 2227
2235 491
1486 2527
850 914
504 1067
2800 535
1490 3777
3236 3574
3289 3542
2081 2801
414 303
3334 2512
3121 3427
2205 1963
318 739
3689 1641
349 2615
186 3817
2532 1099
739 3458
1439 138
718 3366
3715 3338
1422 3212
320 2280
1685 142
182 245
3879 3088
1513 1170
2990 3715
2615 3895
3344 872
136 474
3486 1208
3816 3502
3342 484
3698 2026
459 3161
2381 2828
75 1606
1819 1405
290 3073
943 695
3670 102
223 3685
594 3457
3131 2281
1662 3215
3421 579
1071 1280
2145 433
3835 1568
1815 3314
2608 2198
3606 1616
357 3788
2579 3197
3249 2960
3250 3580
955 538
28 1444
3633 1071
1651 1344
1565 261
3618 2715
3477 2153
120 3515
3538 3101
1270 2826
1507 262
998 1693
1251 1445
3567 2478
1512 3908
519 2989
1662 1267
40 695
3251 2707
678 1157
724 1492
3711 745
1304 1914
2900 532
1755 133
1112 1467
174 3569
262 1211
2349 1850
2392 2618
2097 3524
117 1169
2471 1211
2314 231
2496 1719
2045 1023
490 738
1630 1077
2752 924
3134 196
3006 3294
1636 1452
920 2142
1822 2322
2762 627
533 1833
1618 154
3973 2064
3742 3480
1547 923
3712 2497
3071 2102
969 952
1476 199
853 3511
1726 916
259 1105
3939 773
2120 1975
661 1803
2052 824
1647 2113
2293 108
1502 2546
3051 2771
1074 188
3612 1401
2101 1555
408 2974
1692 1608
2239 2739
2907 2795
3698 3206
829 1039
1288 1794
2484 2893
994 3537
1262 2764
2401 3972
1449 416
3190 2900
1640 752
2202 3529
2503 3933
1343 3227
427 3647
1607 2712
1630 1329
1491 357
985 2097
2463 1832
1090 225
812 1285
1849 2865
1054 1064
3278 1633
3399 35
629 353
1091 3480
1436 252
1222 3256
1404 436
3251 1965
2638 2479
3951 2134
3264 1875
1589 2289
232 2126
3178 2942
1753 345
2964 2208
1012 2621
903 231
64 1111
256 589
1085 152
2709 3262
1589 176
3532 2075
1236 364
2444 2304
1625 2845
370 1637
2990 2620
516 962
3189 907
2443 1430
931 3965
2140 2666
914 152
2199 2929
3121 3738
2453 3027
3518 2842
1179 3818
3447 1265
948 2220
973 1560
414 3083
699 659
931 2458
3318 335
1867 3025
1572 3944
464 3634
2482 3150
562 844
3777 809
12 3455
672 2490
3751 2242
320 1924
1261 3586
2084 2347
1857 1804
183 2588
2509 2893
2403 2957
444 1560
799 230
3977 2248
2248 1857
1815 3878
3540 1325
3235 2572
2403 2489
2871 1131
2231 15
1025 1994
3141 383
739 16
363 1982
3019 2853
3653 878
2982 1268
3195 1728
2001 2579
3870 567
2960 614
3923 175
2114 3521
3470 1214
3765 1004
2275 2138
3702 2156
2968 315
2860 1599
2111 3809
2214 808
2147 281
3121 2957
3137 733
302 1213
1338 890
1668 2069
3461 1174
626 1797
42 3889
3720 655
108 2283
2134 367
1031 711
1156 3777
858 2734
292 2047
2374 1431
3333 1866
25 2469
1098 3692
1124 977
2138 3068
2483 1066
3961 3553
158 3515
3159 538
2875 1676
3912 3581
3735 75
628 670
1061 2348
2671 2514
1462 3598
3691 277
2282 2625
3820 2377
2501 293
2172 865
1573 2292
1761 2525
2035 3939
1036 2454
3512 1700
1075 3868
3826 1296
642 2973
200 3171
749 2505
1178 3369
329 2900
124 280
1884 1980
1989 3613
401 3756
1570 3451
880 800
528 17
3438 2634
747 3900
2881 117
992 3037
3095 3047
3242 1884
840 972
2235 173
2216 1488
3256 978
386 3405
2443 3489
1057 7
1875 839
2160 3892
3902 685
3749 1280
26 3515
569 1871
3561 2042
1788 292
2483 2398
6 2914
2912 452
1457 1297
2406 1655
3173 68
127 3321
1204 2616
2143 3681
2120 127
293 2656
953 3166
2896 1481
3523 564
3732 2064
1047 2844
1708 3249
3761 756
1970 725
683 2015
3629 944
240 3112
715 1518
1970 2089
3055 2128
2496 2954
3244 1489
402 2733
851 2894
1415 3210
3881 1702
338 3575
2493 1438
2832 2506
1272 2056
893 2370
2934 3172
1864 962
2516 2567
2084 2432
1547 2492
2240 1245
476 1289
1208 1461
1483 1011
3597 1178
3025 3332
1652 860
1901 2124
3627 2060
91 1285
3153 2593
3656 828
1238 698
1253 269
2640 389
1114 782
1519 1152
2812 1167
3156 30
1570 1087
3102 492
1588 3411
2116 1044
325 163
74 1666
2339 3637
2126 581
3852 95
770 1752
2052 1735
3263 3906
740 2700
1719 251
21 619
556 2160
2749 1467
3712 2760
633 2170
2924 3975
876 2571
245 1459
2103 3808
2076 342
1674 3317
852 1444
1145 317
2713 733
1970 2113
3903 2005
974 613
2089 2770
1383 493
1660 246
1865 1153
2099 3773
1995 2061
3732 1929
1344 3340
3330 1244
1993 2534
1557 2213
2477 2519
3047 1824
1836 1810
3888 3927
720 966
500 3053
3621 3903
2395 1565
3627 752
3265 222
74 272
1039 3914
2661 323
3050 767
2705 1947
939 1317
1096 318
687 401
3161 1513
1936 2185
3715 3573
1363 169
3874 3129
579 2918
3208 368
2878 2449
368 3773
1422 2911
3599 2156
3995 2054
2731 219
2271 202
689 537
123 121
1026 1869
1224 2067
1518 570
624 1550
2340 2529
1789 3161
1767 3944
2994 1248
1317 58
2586 1999
805 784
2525 2522
319 3406
3738 3133
657 3312
3441 1215
1070 2758
1984 2749
1401 3710
2289 2596
3475 2625
3890 734
3570 1505
197 2449
690 786
1913 2148
336 1461
2297 3556
3668 3261
3043 2726
1199 3788
795 2349
422 1149
1057 1454
206 520
2432 3442
1528 3169
3657 1501
1358 1153
3744 3085
511 842
3540 3908
1655 1989
1333 1577
2771 463
2337 3788
3764 3955
1472 3689
2002 2009
337 3599
18 2304
260 2498
3771 2535
3081 2141
2981 1235
649 1692
595 1740
52 3256
867 1480
1722 212
2180 1388
222 408
135 1584
1288 3676
1753 2466
3865 1416
3728 750
3045 2138
2499 797
1372 1223
159 3708
297 3845
247 223
479 2984
252 357
3920 1356
1166 572
2977 2867
3505 1288
2426 3182
3107 3809
1666 1793
2701 1019
2123 2243
729 2955
2953 899
323 2310
1672 785
1331 2891
607 3004
425 356
448 2104
2329 712
1170 3491
1242 2693
3136 3655
826 1789
211 3202
1876 3118
2429 3428
2340 471
696 2745
2778 3320
591 3561
1198 1113
1594 2652
2483 2221
3888 1825
2990 504
3512 2800
585 2734
33 3439
1923 318
723 2002
2667 3600
3269 3815
1165 3435
1457 3921
1931 3866
164 3187
528 111
1658 2543
1089 1545
1962 1391
3029 498
1469 3364
1415 428
1797 2221
137 3469
3340 2907
826 328
2474 722
2363 398
540 1938
3903 3317
1873 2647
1186 3576
1926 254
2620 3231
1684 1642
3349 2944
2184 1637
1787 3334
1940 586
2833 2545
1413 3747
3051 3710
1013 3278
1047 841
929 966
2686 3888
797 3967
2668 889
742 2641
1323 3959
3672 921
343 1321
2018 733
1166 3556
3575 2158
1030 242
3814 1011
3907 2234
3148 3811
425 3170
1128 755
1679 1107
79 3601
1653 60
1666 3984
3319 1721
1373 1542
962 2966
3313 3346
1351 1742
2644 833
3374 185
791 1235
2605 3397
3512 3385
2424 2723
2553 2946
155 3046
465 2583
1382 1096
1474 2147
2440 3822
2603 855
1183 1677
862 525
3855 1389
3924 171
465 2924
2112 2378
3758 774
1569 1336
301 2996
604 2299
2793 1554
1994 2839
2886 3398
622 2417
3621 1342
1705 181
470 952
1905 1205
2061 1768
1023 307
1465 3478
1225 1986
2161 2022
848 1735
2031 1948
3898 1157
1218 3327
610 2874
2686 2525
3086 3364
3671 1743
3393 40
846 3679
434 3444
2762 2695
1150 3811
3787 252
1562 3489
476 1803
2475 623
1383 931
1497 522
621 2835
2017 3623
3093 3733
2986 514
3877 427
1210 1527
591 3208
3818 1648
622 2067
3575 2753
1874 2120
3003 2672
1239 1631
412 3544
1916 529
3682 1744
2675 632
3823 1064
3444 3510
1194 2676
3864 2713
2300 172
3011 1821
1247 882
1248 1555
1940 3478
3955 577
2644 1207
2699 2026
2217 778
2679 719
1950 2528
3387 277
2932 1603
3331 3433
3030 2081
3895 162
1871 237
431 1190
2523 258
2121 1679
1947 297
2521 3119
2029 349
2208 2354
284 1645
2048 1636
3475 2466
942 947
1848 3457
905 309
3799 3315
3947 876
1499 1027
2206 1449
1732 3080
592 1968
1366 3492
3082 3867
687 3244
1757 2529
3067 1896
350 1880
2187 2269
2932 824
3907 42
1039 642
2483 848
1563 577
1289 1814
2709 3664
644 3467
1726 3261
1868 3149
174 2636
2592 2922
2283 3006
624 2789
1241 1748
461 3003
820 174
1277 3046
3932 1561
3283 3201
2768 457
479 2606
2111 1059
706 661
922 1246
2885 3789
1358 938
170 3232
3825 786
610 3850
635 926
1888 2850
247 3805
3727 2588
1273 193
384 3854
3922 2859
2374 3378
66 552
2118 556
525 2620
2984 3436
3986 1214
3827 2678
600 2948
1977 576
3465 801
1742 1115
1956 1068
1087 2134
2541 3522
2880 3103
2792 3599
647 684
2022 2761
2295 633
1983 157
31 3154
1665 1295
3653 883
3463 1116
3581 1199
3694 2914
1278 2222
2404 163
790 1274
1473 1765
157 828
91 573
3496 3202
3220 2925
2335 3492
2455 3180
3793 1671
260 2245
1254 1057
3911 227
2038 3454
304 3275
3736 3715
1150 2762
3869 177
1597 1297
2974 1868
2866 1758
2259 957
1620 285
1317 1620
670 782
1030 754
3426 521
384 1062
2080 1759
1100 2582
535 1283
3268 3489
3163 458
2650 2979
2696 2190
1611 344
342 2905
334 2404
3277 704
2769 2323
3835 2445
2406 3676
612 3042
3546 3115
1049 3739
583 1792
2188 3571
778 1330
2819 777
3831 2551
3115 3909
2795 1800
3918 1078
2723 1505
200 3742
3435 1095
727 3120
3418 1677
1521 3352
924 1016
3003 2268
1903 1794
2551 3394
850 1372
2365 3634
2939 3735
3149 1149
936 2596
99 1886
2489 2490
3724 2655
1276 3481
601 607
2856 2733
114 2228
1454 3221
3533 1996
3308 804
703 472
2052 872
2225 1482
334 2409
3191 3230
1961 2516
1565 1783
3063 25
674 3628
1930 2449
3818 1251
2649 324
911 604
1752 74
408 882
3111 1008
748 2685
169 2205
233 1787
1207 3190
3120 1936
2710 159
1635 236
3175 580
3666 236
3326 1783
2610 3939
21 1433
3919 347
418 3966
1731 662
2758 2860
3048 2842
2663 101
554 3628
352 1126
3841 2748
1239 783
1502 2018
3152 1827
2339 1287
4000 3922
152 2408
1797 1014
2171 1014
2964 3482
3319 1921
1458 2018
2521 982
3751 3942
607 1094
624 3841
49 2537
820 1226
2069 1219
1690 3712
2590 3750
2777 3659
260 632
3631 3521
26 1559
2422 1254
1628 1018
3092 408
807 2233
3794 2698
2605 3120
2479 1390
2697 3104
3478 985
2577 2006
781 609
874 3984
2159 906
3391 2205
2781 2146
3797 165
272 3338
217 2857
2066 694
2875 492
206 2455
3711 1650
3205 2871
3761 711
1379 3139
441 3556
17 3472
367 1581
1100 3927
3409 959
565 355
2355 2408
907 142
822 3191
1622 3814
1948 3510
3781 2421
3259 2708
1690 3810
1008 3784
676 658
2486 3123
590 1683
2807 294
2070 2874
2049 3108
673 811
1597 3561
237 889
3356 779
135 367
1971 3039
61 2926
2922 1631
887 2776
3695 2443
2274 2092
3407 3278
2988 2899
3720 802
1687 251
3224 342
2856 3681
442 2287
2623 3764
2835 1229
44 1528
520 1456
3040 1417
83 1530
578 2304
3637 1430
1219 2650
3309 2362
2836 3511
586 1481
2550 449
3486 732
2930 3406
2067 1250
106 999
451 390
3087 1674
2818 3600
693 461
2462 3598
2916 3204
139 2259
81 2660
472 1569
3052 3113
3750 100
475 213
26 1823
3846 1626
3440 1739
3476 1946
1266 3260
1367 685
3722 1703
676 3747
725 2337
2118 1482
3832 298
1106 1266
279 1098
925 1871
739 890
493 1407
212 1542
622 2253
2552 2737
3207 2613
523 3546
1356 2409
807 3229
629 1779
1405 29
1230 3419
3301 1377
2992 1036
2291 3229
1040 1618
3947 243
854 2247
3285 57
3569 1167
884 156
3754 3359
2868 2565
54 1733
674 2267
1871 2020
1217 1034
901 799
3226 3490
2417 121
3475 323
3115 3994
2947 1015
2717 2837
1893 384
2903 3751
11 3605
1252 130
3285 2183
829 747
2947 136
476 1984
1511 1486
2612 606
2238 3093
2047 1794
3904 2211
2168 303
3413 687
2762 400
555 2084
136 1662
2694 2083
2591 3524
1240 807
3881 2273
273 1549
964 301
2743 3603
3906 3328
3065 32
3457 3983
2593 3877
2046 2425
2505 3202
2117 513
2736 2028
2381 988
3021 3822
2338 494
2530 2158
2242 944
3860 913
3533 2260
1850 2145
1462 492
2389 3853
1439 2664
2431 3314
2500 3903
2407 2201
2359 1872
539 97
812 2857
103 3678
1045 3880
3133 3266
1777 1055
405 1564
3136 733
1336 1182
2490 1291
215 1027
1537 1237
482 3057
3508 2858
2326 2715
742 293
405 3786
206 365
2076 2972
2176 1337
433 173
2716 1176
92 3766
2405 2480
3416 2100
565 3494
810 3723
975 2685
913 2954
3253 3074
3262 3472
3579 3944
2022 3599
3707 111
565 719
1483 715
3686 1303
3820 2145
1968 712
1956 1845
1411 2058
2095 2530
692 3500
2193 650
2837 933
143 3375
2472 128
1022 416
3413 888
988 2200
1754 2560
862 3140
3555 2086
2218 3236
3034 1753
3622 595
2816 3529
3088 874
2941 2382
847 3586
1237 2699
490 2553
1468 2036
280 3351
3242 782
87 1936
82 1366
193 1933
3344 1732
636 3527
2082 3473
913 2547
3000 3832
2848 965
2126 3321
1041 2606
506 3267
206 903
1089 2707
239 275
3119 952
1878 895
3782 1401
1340 1998
1302 3833
1868 1299
2926 1849
559 2941
3507 2527
3815 282
2607 662
96 1173
2443 3734
963 226
896 581
3469 605
3753 1918
831 2925
1341 1393
1080 1358
2013 1451
3072 3567
3177 1784
38 601
1752 2790
2957 1970
999 3980
1314 3873
3953 203
337 2290
2240 563
56 2108
803 3209
2716 1538
1504 231
3707 3159
1004 2500
3170 3621
3929 1878
3744 239
2095 2038
1146 981
3711 2243
2912 408
1651 2858
3968 1599
266 1412
2234 2906
259 2431
436 2821
343 1730
431 2895
1676 204
2521 2715
71 892
2052 2918
3233 534
1782 235
2174 2116
2627 835
3258 2427
1560 2929
1605 2656
1754 3773
3825 2507
2191 3295
3881 2634
442 2719
836 329
2477 3610
282 3281
1785 2824
3574 3854
1866 3387
845 3190
1105 1866
2670 487
1954 559
3450 2448
2815 1070
310 1362
2548 984
2238 1384
1382 3599
3933 421
293 3338
1499 3197
521 27
3093 1351
764 3599
435 1217
1748 2261
886 1621
1284 2435
1713 3866
531 1045
697 1310
3373 952
256 579
2873 390
2590 871
523 595
913 1417
1979 2184
3015 456
1910 2765
3449 3182
2866 1740
2619 2957
1288 1843
401 457
2301 2298
612 2134
897 1926
1332 1283
221 2606
304 2616
1318 1884
1509 1948
631 2838
2132 377
30 3518
3879 1924
1525 534
2916 472
3764 1736
3010 1922
1669 3781
316 3235
184 2444
357 3185
2713 2573
1211 3135
1662 2447
62 958
165 655
2179 2403
2526 1994
3812 2283
3236 604
3770 2685
1650 3338
526 2895
2931 3869
1483 3788
2363 240
2777 436
84 1740
3622 3684
2139 1490
69 3543
1485 1881
3996 365
2556 3832
2520 492
2727 422
3812 1892
2408 1376
3258 3703
2831 2987
2425 3513
3696 3323
1528 884
56 211
2490 1903
166 3726
1122 496
407 189
136 639
3650 1874
3373 941
3174 3420
1547 1238
3872 3316
1009 67
2561 983
2862 210
2976 437
3339 537
2028 1674
1406 1673
453 2603
764 2768
267 3299
1487 3682
2167 3230
1224 25
201 3078
1655 2106
705 588
2905 2169
1298 521
3921 992
1363 3526
3962 3564
2616 2937
603 185
2849 1840
3868 3007
3314 3123
1880 2493
3298 517
724 3221
952 2763
1455 2264
1171 2897
3258 355
2664 3689
1834 3978
82 341
940 3828
420 2695
3256 3943
35 3591
2025 1254
1778 2389
2252 1848
1837 2319
2007 779
2715 2965
2908 2488
830 3915
477 3433
268 159
546 2136
2723 2603
2537 1658
1720 3229
2878 1532
3985 1814
2924 780
2644 944
3250 2140
1407 1955
3769 1570
1530 2826
2149 867
2378 2817
458 3602
1863 3954
2337 1747
1711 2000
347 5
3548 707
3925 543
1812 902
204 1018
1505 525
3859 2767
928 3787
963 163
1117 2771
2419 32
3039 285
3656 2758
3487 2987
430 3330
767 3724
1447 285
2617 417
2724 184
3925 1055
2066 1558
3775 3220
1238 3676
3224 2605
2333 3284
3948 183
1133 3928
3941 1733
2016 2957
862 2290
690 3789
1210 2471
2712 74
85 767
1779 1136
3099 1672
1734 3690
1016 1005
1188 424
2415 3474
878 127
176 2496
1116 3346
3972 1314
505 719
2922 15
852 2269
263 2440
2036 2645
3097 516
2699 462
3405 2123
687 2398
2002 1440
3685 2045
686 962
1854 812
1167 3796
1831 2550
2692 1148
1884 725
3053 3433
829 1529
3376 3033
2339 197
782 313
2036 1466
53 1582
1429 56
727 2740
3808 1954
123 1605
1847 2849
2738 2524
2615 1420
653 2395
1168 583
3086 2633
1172 3337
668 2688
2798 1090
410 3622
981 3069
3546 2426
1793 1506
1934 1938
2814 575
575 1443
3391 1448
3458 1472
1748 381
3848 2182
3166 2827
372 3896
3842 2774
1555 2278
3613 917
1543 2099
599 3966
1988 3767
27 3747
511 3490
2598 2877
1795 483
1118 3049
1573 2856
613 400
2491 2374
1710 3691
2409 316
2671 230
284 3251
3543 357
2651 2216
130 2629
1083 2221
779 1476
1329 3436
3233 675
1293 2542
1149 3178
3781 2940
3539 2989
3471 2340
2119 3566
3444 3645
898 1412
2241 718
69 1626
2656 332
3453 378
1831 675
343 780
14 2168
3894 2329
1255 1100
1091 597
3529 643
1957 509
973 2950
273 541
2173 453
707 1333
3337 833
1998 29
3997 1161
2320 3078
368 1219
650 3747
3101 3502
1166 3976
2391 677
2650 3761
1945 6
1476 3559
3548 3508
1846 863
2508 730
1852 2019
1853 946
1627 2869
25 2533
196 368
126 2675
1578 1553
2342 2069
1809 3063
2247 2529
2247 519
1372 653
343 2355
2275 664
2459 476
809 1286
3794 341
131 2218
275 74
1310 169
2113 737
2905 2908
1567 2143
241 1622
454 3118
1501 3879
2868 414
1372 864
2215 2890
3372 3192
1067 252
2652 1583
1872 2483
2116 3473
1055 804
1171 2141
814 1215
1801 2982
3315 84
1447 569
1909 214
3363 3456
2985 2686
1952 3271
2620 467
1886 1213
876 2760
3598 1438
60 1638
584 2574
3335 844
3072 872
1684 2612
278 2232
2539 3641
2126 134
2856 2198
2176 2260
2093 1968
1872 2857
3261 2934
1696 3279
3654 1191
2117 1018
1278 1845
1144 2891
3506 3209
1229 2676
1211 3816
3401 3196
3986 2004
2127 196
612 534
3580 491
3017 2586
2036 1264
2482 2683
1980 3446
1122 3970
202 3149
2783 2921
3770 2990
3753 2308
3842 2983
2826 258
2760 3448
2189 2063
3283 1757
2676 926
2815 621
2533 2567
2868 2946
3269 2955
1817 506
328 447
2758 1469
775 3528
3735 3712
2515 2244
1256 1578
2601 1450
1853 533
3943 2098
3872 631
1182 3159
721 321
3976 860
473 2248
2779 2765
2815 3522
1343 3368
671 1043
3325 572
1144 1865
3257 49
3333 3365
481 3912
2702 1499
294 2851
1856 827
1674 1096
2970 1073
474 3811
937 169
1279 1674
182 760
2960 3941
2047 1751
682 2573
3236 529
3234 1683
386 2367
2586 2244
2469 1362
1618 1228
2713 401
1569 378
3298 3555
645 995
2029 3759
1207 553
263 3522
834 2300
3436 2129
2965 1057
3778 2751
3959 2035
3175 2498
443 1127
841 1409
244 597
2837 64
3691 3188
1041 1184
2126 1380
3502 256
2411 3122
3160 2313
3038 2743
2608 296
935 1634
2908 1085
3199 1688
2909 3252
1453 249
1409 2897
596 2948
602 882
271 1022
367 879
352 3631
2322 2181
612 3341
114 1140
2507 3261
1777 1030
1063 3223
825 1585
2052 1386
778 1246
1655 2144
1527 586
1817 1507
370 1805
950 224
3045 3066
544 3339
3139 3014
1706 483
3197 1517
3666 2775
1145 3921
2622 521
865 1508
331 2802
3960 3752
34 358
3218 2740
844 121
644 1370
3239 2147
3673 903
1881 256
583 2283
3460 1435
3778 1690
3195 364
1359 3218
2132 2303
891 1150
3646 1303
1773 89
1909 3282
2266 823
3636 2639
216 1
2059 1454
917 2752
401 1367
1736 1404
1819 93
359 644
3565 1572
283 2289
1680 1889
1137 1542
2629 1185
3059 3771
1081 3085
1591 1339
1178 300
22 10
1737 2121
3807 1547
2096 3511
428 3680
3830 2130
2742 2867
1041 3336
229 853
2299 1911
1898 2918
935 2905
1105 3892
150 2014
177 3527
709 3736
3750 3292
3242 669
1441 3888
3519 3528
1405 4000
254 1601
3093 1583
3374 1054
1493 2984
1660 1546
1839 3780
13 3846
1647 1133
2195 2861
1072 1828
30 3580
304 97
182 3697
513 3417
2246 1650
2626 3908
186 2034
2414 1983
3341 2289
51 3408
2076 513
2918 137
799 624
2868 366
2169 194
2460 2490
1197 1086
2268 95
340 1581
3017 2508
108 2270
803 3764
3667 1806
1768 1069
1045 294
2631 3670
34 613
1464 733
2020 479
1706 3743
2895 2662
2589 1425
2521 744
3442 3775
3372 2010
2848 2739
3962 1780
2792 3352
1841 1372
3818 1503
1775 3719
2873 1506
2359 957
2637 1511
3428 3580
2776 2376
2142 992
3772 2352
107 2434
3610 1512
2343 2750
430 724
1687 2426
2969 503
1563 3428
62 990
450 443
1170 3932
354 433
3662 2993
1032 1326
678 656
781 920
1919 961
3082 2963
3005 1572
2957 580
2554 1816
3724 154
158 2011
793 1518
3595 1970
407 970
2360 1387
2893 3241
3361 3361
2168 3742
925 2400
2629 3031
3312 1674
831 835
3073 3033
1094 3121
846 3334
3233 2139
1631 3946
2133 1731
3577 3619
310 3805
3732 1432
3325 2126
2927 3072
123 3315
547 3776
2606 2916
1525 3188
529 2714
1711 401
3736 2543
2993 104
3165 2181
3108 1037
2356 234
2000 1080
614 539
3791 3211
572 679
1313 3318
2746 693
1025 2072
1807 3015
2968 2631
2377 1729
2032 2226
814 2789
2283 1220
264 3009
3062 1131
2113 3436
3992 1306
1264 300
3023 2988
498 2268
1374 3563
2908 2220
2751 2160
2736 777
1183 171
2831 3167
362 2020
2126 1884
1605 2211
299 1814
3643 430
226 1360
441 913
3227 537
1598 3683
2374 2805
2029 2470
2506 3169
2406 335
3002 1265
3476 711
138 476
2247 2577
2112 3162
677 2413
3758 717
3452 1020
159 574
2908 325
1264 233
1667 3800
1345 3515
3032 977
3692 2971
2812 478
2389 551
1054 2660
802 1569
910 1344
2158 2506
2516 3594
3224 460
610 1342
2017 2654
3943 2398
3158 3460
1829 2194
1963 2166
198 3986
2409 2754
1546 2821
2856 20
1188 3627
1121 3284
1095 1656
1981 1105
1274 1793
2770 2557
3379 956
3312 1561
771 1795
182 1523
1902 1146
1419 140
1247 2674
3626 575
3865 2252
700 2367
3984 3489
2412 1088
1689 1666
248 3929
3936 3324
2724 2376
2009 542
1427 1494
1145 382
3704 1885
2149 1752
3081 295
427 3416
3798 185
1008 2011
697 3600
1609 3633
1486 2442
1102 2182
3492 2025
780 161
1973 1747
1498 1132
691 1501
3183 3989
2275 2474
50 2996
1422 3566
49 3630
3477 3960
2198 1689
422 271
599 642
2477 2972
653 364
428 521
456 857
2893 3432
224 1645
1303 2871
303 2257
3776 3842
3837 214
1858 1738
3100 3930
401 2277
2805 2000
1931 1477
1090 2139
241 1693
3646 3259
3638 2018
442 396
2421 1582
1618 1354
3336 3275
1823 26
1110 238
3886 2629
1676 1602
2321 3974
400 902
948 1542
3153 2393
1746 3717
195 854
2601 732
3114 3035
3820 33
1749 2350
3256 1419
2573 3393
2825 3639
3438 1141
1325 586
2805 3262
825 1848
1562 2534
731 36
1888 1972
3599 1704
779 2862
2486 2840
2257 28
197 1762
3092 2511
698 3352
1903 1218
2291 3410
943 2656
1730 3245
1348 902
1788 2681
1464 2794
1170 18
3647 2013
2050 1932
3920 1517
2254 1684
1107 2605
