4000 3000
1266 24
386 1973
1542 996
548 2355
696 2245
717 2454
2633 466
1485 2819
550 1513
334 735
2738 1792
541 1036
1682 2418
2342 1729
528 1548
2109 1480
2779 296
1314 2197
2901 1794
1220 899
2556 1873
2833 2264
1301 2648
972 2452
2134 2454
761 2558
1762 2418
2702 1632
1347 2987
2202 604
419 2512
1602 2127
1923 1219
1425 1693
2808 1683
1696 933
914 2642
326 2934
2039 604
42 642
2296 1841
2311 1010
58 837
1127 443
2432 942
1267 1031
1167 2597
2802 671
2722 2145
1624 2943
1783 152
2936 2002
2097 224
2605 1504
455 2773
1870 1589
2398 2395
2017 1652
442 2327
633 2283
1915 2241
2994 1745
2989 2885
2356 1966
1800 394
1070 50
2634 1809
2542 2657
1801 2330
2566 1172
2302 1717
273 2035
326 1573
470 1203
642 1825
2907 1514
1138 2277
1254 1179
782 2646
481 182
845 2325
2252 1118
81 1614
519 2066
1250 106
2896 1604
386 1578
938 2574
1338 332
2751 1847
1139 2619
46 40
47 2714
2016 459
1656 1201
2104 262
2913 731
378 108
828 2415
2054 941
2804 2966
1772 2856
893 2621
2729 38
752 371
2499 392
2627 1580
2018 379
880 2488
968 1339
1173 2990
26 1998
1124 677
215 1979
28 2948
2969 2003
1887 63
465 1678
525 765
920 641
1258 1585
1075 2111
483 6
2734 1525
1247 1966
2893 1803
643 1876
1455 727
2430 1729
2020 316
1815 1996
2424 2587
1524 2053
2200 520
2668 516
2885 841
1606 677
398 2971
2300 2007
2443 86
1051 1557
2528 2993
2060 541
1238 2792
152 1423
376 165
1774 2536
828 2038
801 2792
1993 1990
1921 2264
2944 1405
2614 1320
182 2564
652 1352
104 676
1099 2405
1400 2751
1631 551
2632 154
2136 801
588 968
2170 1592
1925 778
407 1943
1418 2854
2099 218
1290 950
233 2386
1856 2947
797 393
550 2761
1729 854
1598 2308
2012 2827
2300 1547
2135 1637
2751 1397
1786 380
98 777
2863 372
542 2114
1236 2010
523 99
1711 2323
1182 2639
1741 370
2485 1580
1876 2288
697 2129
2842 1409
243 2253
2198 212
1986 514
549 2931
676 2083
287 2445
219 2161
811 2392
2882 788
896 1243
1640 1016
174 1410
324 2454
2076 827
530 301
979 1225
708 1400
203 2542
205 81
677 399
90 750
1865 1499
26 2316
2520 1932
783 2802
2468 2297
1037 2455
1999 459
1051 710
1929 558
256 144
190 554
2512 354
1632 611
807 2017
2297 1054
2949 2916
611 142
2402 1594
2507 2853
1516 2163
475 838
1902 187
1568 2115
1131 1292
2635 2842
524 2370
763 2798
647 869
1563 1443
1985 1707
2984 2825
1268 1029
2679 1717
2740 1939
2668 732
6 1513
493 1026
1091 1212
2216 1331
364 2152
1227 1007
6 1620
667 1707
1280 1401
374 1261
2954 926
68 456
2168 847
1979 1305
2991 2455
2579 2033
2592 2732
235 2685
179 1386
1497 1410
725 2323
2335 1117
1397 997
1084 1690
1683 324
2808 2794
722 1146
556 2579
2481 1140
2329 491
364 1711
2497 572
2552 2315
2707 2679
1070 2030
642 1314
831 2612
656 276
2186 766
415 1202
1538 1720
673 43
19 768
2672 2177
2606 1291
840 1825
2091 1434
1964 1517
2966 1534
286 1375
1621 1623
867 2353
1705 1675
1486 19
1116 1117
276 2661
2930 1284
1912 2973
2899 654
1624 2891
1655 2461
2224 2363
1427 512
1669 2923
2163 205
2181 342
2552 1110
836 2192
780 177
186 2155
956 2172
2964 2761
1358 2489
2231 1523
674 2527
2301 2177
1382 1585
1257 2435
1420 66
2053 2200
1575 2225
1894 1420
766 1826
2198 615
1592 2629
2250 228
2497 979
1757 2624
956 886
1469 900
913 1104
573 1915
176 2447
2851 568
607 2071
1234 1410
2505 1033
2835 1417
2264 1803
1047 2526
620 319
704 54
1324 512
1921 2720
2500 2803
1298 1047
2744 499
1761 1033
2304 1375
2214 1793
1084 1272
550 2434
1970 613
1938 413
2765 2001
2928 2717
217 848
1938 2649
509 213
630 2873
175 648
2455 2181
1014 1751
2401 2651
1972 2242
2154 2879
202 2499
1319 40
321 262
509 2456
1550 77
1834 1331
1910 1359
2178 764
915 146
1046 1797
2805 838
1042 182
132 2364
2246 704
2492 1231
1775 866
2338 354
2079 115
2855 355
1915 2865
2155 2846
43 866
1099 2844
2711 1961
1198 2605
311 555
621 1172
1460 2506
2297 235
1726 17
121 1839
854 2529
892 2292
2277 1668
2739 508
1891 1393
371 2284
1444 2936
1594 2536
2961 462
1271 1512
2251 2330
1727 1691
245 40
2198 1955
795 1766
2987 336
2157 1078
2287 234
1112 2828
1318 721
1703 368
1319 1600
446 1814
841 1514
1648 2532
2302 1786
1905 195
941 745
2230 1714
1546 2276
547 247
857 2844
125 1295
1971 1027
1466 1073
40 3
286 550
2838 1393
672 355
1464 2170
2323 402
250 204
529 2038
2412 536
1845 2654
2846 1183
1600 643
676 2491
1191 165
2649 2215
2738 2003
2528 1673
2568 434
560 1959
193 769
192 2904
1140 1578
868 1773
2363 1938
703 2504
1588 1261
858 2283
2481 1492
259 2019
457 1408
1585 1735
2472 1340
2815 1596
2381 1558
2911 755
531 918
1697 2965
1851 2530
2396 2661
791 25
1548 2935
2089 2671
2901 2880
1469 448
2831 646
1325 248
298 217
964 2690
572 2715
1621 424
2033 932
421 1251
1522 376
1502 699
865 1965
717 1081
1555 2431
510 987
247 2742
758 520
2023 1204
26 1413
1565 991
1958 247
1344 518
1016 505
2166 2570
1815 1104
851 10
1046 2101
2099 1475
1261 243
2741 367
1146 2355
2034 2494
1827 604
108 1835
391 1598
2953 1545
646 2089
386 1269
127 2313
271 2677
649 1933
2814 2745
1427 2648
1876 377
2455 767
530 432
1356 2117
1347 1528
1532 1716
1998 2693
2086 1004
55 2294
1437 649
2523 2849
112 1560
332 958
2770 1545
1873 1544
1261 1292
1601 87
851 2029
1985 1393
566 2354
837 322
2249 1455
12 2241
606 335
1487 350
2489 2014
2290 2145
964 229
660 740
1549 2870
668 140
1693 488
2100 2644
146 2525
2043 1026
2335 1954
1638 894
1266 2078
646 2792
2047 1263
2120 1753
107 554
328 357
1740 1273
1519 1120
727 1722
784 119
2233 893
1293 88
554 102
351 956
751 1700
2214 579
1391 2193
1734 2433
2801 2964
386 472
2116 363
2221 230
2630 2148
503 2281
2873 2734
1372 1840
1227 203
1356 547
2741 497
2662 1814
38 1954
2750 1713
112 2760
281 796
396 2117
2438 2866
2250 2586
1424 2355
356 814
2921 407
395 2962
529 975
2081 314
2720 1918
2281 2566
2600 1616
484 1042
990 793
1598 627
1242 1825
424 2371
2988 2295
2999 1487
266 332
2004 2199
2184 1306
2525 2045
1991 741
573 394
609 2720
40 1981
1500 1082
1209 1493
1701 242
535 762
903 1545
1541 1647
771 1976
1529 1986
2786 842
1496 2502
2650 787
1872 1513
2901 2432
541 346
504 937
1024 1374
570 1085
2933 2875
2372 2413
1524 1484
728 755
539 2062
1548 1124
994 2818
1129 108
583 2125
7 1745
2562 2244
44 123
1427 1044
2677 1178
995 888
891 1968
2441 2492
586 352
2918 2
1822 1800
2274 2779
335 2579
1993 1377
2078 1434
2616 1506
664 2612
869 1239
1611 963
1734 630
2655 817
1928 1861
2719 1923
1115 1616
1648 2269
747 2340
1929 1870
1899 1157
2171 2646
2573 637
2594 1365
1013 2286
2357 141
1351 618
899 1882
1334 985
2759 1321
710 1979
2717 455
1940 1790
2653 1068
261 946
736 167
1700 595
888 788
536 1999
2045 2828
2789 609
1309 2083
714 1621
1684 655
2395 1724
564 151
2983 1515
422 1843
1197 2527
1258 2043
923 2387
1268 2971
2799 2926
575 2165
361 911
134 1759
1792 1658
537 1118
1180 1839
2309 299
2453 201
439 1397
2602 2164
778 2447
2300 843
70 724
2180 1281
2260 2640
2610 790
112 329
744 476
1046 1638
2934 283
1312 2087
2887 754
294 1213
876 270
2007 2146
2871 2672
1904 404
1731 258
2259 1798
1394 2434
17 2776
2455 491
2402 2833
829 2920
68 562
31 370
2931 988
2722 196
1104 269
1864 292
2917 575
1774 205
2256 697
1264 2260
2782 1114
1908 1239
1322 1595
412 1908
70 84
2512 585
1129 1866
1659 776
2249 2288
1485 886
1539 723
2681 2827
1609 2627
47 284
2003 1318
349 72
857 215
818 1208
1064 2319
1699 123
835 2955
2833 632
1564 967
2995 397
843 1144
2960 127
806 2072
1959 1475
778 102
1643 1781
1417 1340
1425 1959
2956 573
2596 1973
2539 22
1595 182
1674 1012
1120 2413
886 823
349 2560
1081 2342
1683 113
290 1659
395 2804
913 1800
2192 2456
2945 1146
1604 2385
1111 356
2002 2517
2450 783
2980 1174
1283 2217
846 2328
1479 2244
1330 1635
2890 1361
2102 2154
1014 1604
51 2117
1221 2378
311 2421
2676 2896
758 2318
1072 893
476 481
605 2531
1566 387
1453 2226
2001 968
2366 2278
611 2420
1687 1914
113 915
643 2340
2288 1223
775 1491
1297 907
2337 831
2894 462
2690 439
2906 2321
1294 1969
897 916
2464 2390
2490 2206
1979 1819
2766 292
143 2335
364 1948
2481 2378
1067 2667
830 2419
1196 2499
65 2733
2086 2256
1763 179
2396 917
370 2881
349 1755
2854 1221
434 1874
1159 309
133 1291
1259 891
1719 1157
7 2006
946 494
2971 1907
2505 1205
2403 2932
6 1182
419 992
802 1197
1636 1828
898 1470
1484 2927
2471 2084
154 1732
1182 2497
754 1307
954 2566
1574 57
2319 1491
1038 2626
2401 81
768 2604
156 1382
2508 686
893 281
2530 2680
2584 2830
2173 2877
1619 372
2315 2150
1219 1957
1141 1705
830 550
2941 1978
1641 1176
1894 1640
579 839
752 1932
1873 809
2971 229
2651 1336
364 1391
815 107
62 2365
2413 2626
939 2405
843 1225
2724 2436
857 2911
2276 921
2967 1575
1195 1246
1110 1542
1818 2412
557 1150
1707 286
45 2723
163 1689
2295 309
554 2386
1068 1853
1426 1648
1557 2355
1062 1244
1693 2495
389 1959
187 2910
2319 1131
892 2143
2607 620
1744 2527
1937 1448
2260 82
1519 2613
97 1947
1071 625
18 2414
1887 112
1627 2372
1739 2034
744 39
726 867
556 1982
2735 679
1660 2178
1862 909
1267 1634
2608 1235
1391 2245
2735 1747
1123 1503
61 1396
1446 1557
538 36
220 2036
2364 1941
1868 934
375 2805
1858 255
1638 1970
1206 2839
2808 2710
2788 2833
222 96
1285 2859
1987 523
2342 1495
2997 2010
2680 2114
1468 1276
2032 2146
1801 1493
136 1390
1137 173
2781 2464
2242 1709
1234 2134
468 999
2109 1290
1307 1406
8 2998
93 2614
2323 2876
1375 636
568 2341
1245 2929
895 1936
2241 915
2835 2733
2612 1452
1773 2082
2091 1831
664 2495
579 1529
556 2373
1416 2237
2071 780
43 75
1233 637
2714 673
2102 309
4 1937
1937 676
1597 357
2703 1716
2879 969
1418 1854
682 1201
1168 2705
2517 1899
595 2724
589 2821
433 1982
1701 2666
1303 2972
1023 2449
1330 2211
2826 2790
2654 1607
1573 134
1923 1139
122 1525
132 2722
1071 1842
2794 1365
2297 1253
1217 181
2425 551
272 2500
1340 2299
367 111
2173 452
2908 663
2430 2520
2839 2705
1896 251
2199 2458
703 535
1164 134
1105 2938
1646 1267
1576 280
2781 1626
2549 818
747 582
872 1895
1088 1256
2453 1099
1780 561
409 2238
418 2449
318 414
611 248
1619 2959
592 1812
120 2905
1204 2019
1417 979
1017 137
840 871
1466 2131
1384 2918
1961 1573
1247 1733
2571 1993
299 2064
1384 2593
1848 486
2527 671
2745 301
2561 1906
1246 320
1237 2116
2292 1126
412 1067
971 421
2485 1332
836 1910
316 2270
2426 2163
1351 1862
2507 2966
1794 551
286 260
2227 2773
127 610
352 378
2864 150
2423 2408
1547 2113
126 1271
2334 1876
1077 2097
2829 193
1080 2525
1422 2587
177 1730
1081 1225
2302 2316
2223 2222
2975 1491
1453 1013
1539 1154
1153 595
2427 2397
1700 1341
1847 2039
1184 2268
728 2618
907 2702
2245 2480
1389 2903
1322 2739
1247 1128
1934 80
740 254
2483 113
1820 414
300 362
2311 248
2594 1404
1911 521
2863 1465
1729 862
2143 2743
718 1846
171 2321
2804 2935
1736 1690
2098 2043
2240 1771
1708 2236
1680 1510
1732 1566
1641 2708
1562 164
1250 405
981 2678
2526 1614
2970 81
242 1440
1317 2647
2283 198
1638 2665
1357 1198
2141 1651
2678 820
256 2135
1476 1212
1796 228
172 2791
1619 1791
2941 2959
350 147
1092 2518
1699 2045
2394 260
936 2907
2835 1000
881 1311
568 2305
2517 1943
2463 165
1304 1919
696 2865
1797 2008
1796 786
2754 42
426 2284
401 2272
1578 1481
1963 267
1413 2180
1144 1738
452 1118
1317 1944
2504 2865
317 919
1946 708
1795 716
1149 702
694 2522
1553 1070
30 1988
2144 410
1623 781
2134 2542
67 2722
2101 992
1989 2563
2286 914
1755 637
2447 2391
2195 195
313 626
2698 815
1393 2843
784 1467
2314 2755
2232 2629
1521 794
1143 1875
209 1247
1875 2314
704 1608
854 1350
1626 786
2258 2853
1428 2979
1519 164
1811 2062
468 967
1134 1296
75 2619
481 2225
703 2894
1428 476
1034 137
620 338
2506 1340
2456 1363
299 1611
2822 2103
916 1984
695 2381
299 2993
56 1666
889 2852
59 2884
2678 2992
2589 2599
44 173
1489 1384
239 1391
1013 2600
1104 1095
1500 875
2526 1707
2596 1433
2606 119
2176 1165
644 2467
2728 52
2467 2774
607 857
2881 220
1774 2199
2879 1253
2704 2261
343 542
1102 2785
838 963
267 1718
141 2005
426 1152
1234 2272
1551 1322
148 609
1339 1110
800 2270
364 277
845 2710
2700 2383
391 843
1897 45
2106 37
1965 2148
2900 1865
2567 2749
624 953
2234 1604
1192 1622
1412 1429
203 59
1001 462
2672 2572
2433 1633
1906 2182
1936 2248
484 2353
732 718
391 172
980 2915
505 40
2959 1480
1632 1543
1931 1100
1664 270
871 2414
449 2233
2659 469
196 2766
2062 2460
2271 669
1576 1857
2855 2886
2697 2689
774 252
2658 1812
126 2496
1987 79
228 2312
332 1225
2392 2554
184 629
1093 1324
319 1226
1508 710
2555 1952
325 2210
2317 1548
1760 2938
889 1181
400 1123
1807 1608
2562 1865
875 761
2582 2644
783 1067
1843 1433
2128 1474
1519 1371
1126 103
999 1115
2824 1187
91 2230
2992 2624
2406 2702
2458 1844
661 1252
835 967
1798 2476
1295 1167
2035 1161
1763 914
2271 1331
1157 5
520 2190
2753 1666
2853 2158
1069 1062
2466 1159
2191 1124
1098 2297
933 1140
749 1340
982 897
682 2120
1903 1754
109 105
816 1558
493 1297
944 2165
2296 1446
1006 1756
744 1709
2402 897
1522 1207
2643 2129
1859 1308
1131 423
1798 2941
2320 1301
781 1982
1571 1631
1660 491
318 1062
1276 2146
2610 1715
1918 1810
2759 181
901 1034
2688 2828
2970 1966
141 151
506 173
2778 163
1123 382
521 1428
1455 404
2620 2265
1256 1648
1477 1459
716 2550
1025 303
2867 1266
2178 2789
1815 1093
1469 1647
2698 2498
1308 1741
2647 1334
52 2952
2370 1072
2089 2655
321 965
1352 1239
2567 1678
869 2517
2167 878
975 1233
2262 1879
105 1859
2764 2773
1274 729
2932 2717
1903 2421
145 1622
1647 1736
2131 1961
360 2467
1555 1630
1216 1256
2908 2304
367 1508
1003 961
995 2088
2400 1488
2907 1944
1516 426
2312 2340
1605 846
448 1445
1121 566
2405 578
2640 1547
2502 483
2052 65
1717 1141
1301 1715
209 2208
2624 1255
300 1413
2216 2013
783 2333
2400 1260
2005 2094
2760 2654
2598 1574
2022 853
2685 2429
2766 2638
2516 1662
2037 2861
501 2302
107 1489
2932 361
1455 2217
1092 569
751 1151
303 2584
2232 2716
531 264
611 684
841 72
1249 1635
527 594
792 585
1768 859
222 1538
1202 1571
1093 2209
209 1446
1712 2158
250 2802
1757 677
1098 689
1155 1929
1744 2705
1246 328
1729 1171
761 2457
419 2729
635 356
923 1275
2342 2545
1899 1364
1971 2539
1006 1752
330 1622
638 1944
89 911
1632 450
1266 2659
718 2859
698 2523
1646 606
311 2558
600 378
2858 623
2246 1774
2693 256
887 448
791 152
893 2463
573 1313
2104 2717
2011 485
1969 1097
1988 1898
2204 1124
1103 979
880 851
906 874
224 2204
1427 675
831 1724
292 746
2216 2248
543 2103
36 1571
963 2096
2640 2495
733 2576
1005 1904
1002 263
1473 1413
1004 2259
2711 1648
1811 2733
963 1224
1486 878
2144 765
715 1476
2309 772
859 2688
669 1035
1041 1066
2526 1704
2028 2671
2468 109
11 370
479 2598
1353 2696
2555 1174
314 928
2631 1343
2284 1075
2176 2504
1561 2144
2878 916
1476 516
622 321
1842 1944
2954 2422
1387 803
2687 2688
1976 2689
1853 599
2744 172
660 645
30 178
1797 46
2245 1255
822 1822
1687 2837
315 928
609 1273
2561 2859
1492 1912
2332 2850
400 1082
52 1891
1185 694
1747 1991
1942 2414
2106 1780
296 2596
1245 2480
2664 1116
740 1031
972 572
460 943
44 194
2213 122
2839 1317
2284 539
2603 398
556 165
109 480
2761 704
2054 1158
1574 1733
1703 524
1439 1372
1014 505
2489 2019
89 1060
2905 450
506 2820
2674 2782
756 2964
1419 1163
2405 2951
24 2997
1085 1608
2407 1784
1662 989
2038 462
1940 1700
2596 337
174 1743
2925 2338
965 941
2154 1290
2365 1705
2872 1014
2675 1287
2023 280
2854 2251
1878 1844
2168 796
949 632
2686 2266
1612 2360
646 1556
2842 2344
361 1765
504 2811
553 2551
1695 1188
2397 1784
567 964
2515 1949
834 2035
173 2356
2840 1130
2207 694
1868 72
455 893
702 2627
790 1682
59 481
271 2515
1514 1536
2829 2851
2232 2763
482 1234
1583 2582
1453 1774
106 460
2459 2402
996 2550
1073 646
90 207
1473 2855
1086 894
828 136
1573 1724
1703 785
2075 1039
560 1032
1686 2446
978 2542
1112 1253
760 747
9 939
2447 299
2036 2306
127 2922
2992 2335
115 679
835 67
239 1134
162 401
329 1144
2675 657
2771 2214
1655 1324
2816 2812
2410 1865
429 1315
925 1743
586 1041
1711 796
825 957
2703 1334
1934 2973
2156 552
2295 2818
585 1959
2534 471
331 1158
1509 2910
492 70
1098 1852
1334 810
1475 86
224 498
1123 2395
837 1461
574 2876
1261 205
585 2354
555 958
2293 262
2281 2432
2574 191
2425 349
1847 2095
230 780
2105 2623
1570 983
2939 2596
1953 2714
555 442
1365 2709
110 1505
692 1068
669 1516
1903 2933
17 465
1676 2042
808 2806
2710 7
880 1905
116 2366
220 1092
2639 481
1421 2310
1144 1488
1714 1341
1545 684
1890 2058
234 2395
657 1470
2600 325
1578 1124
1177 1294
2077 366
699 2645
2497 941
2381 2860
1003 1003
126 441
1240 1156
2277 1036
839 1028
1224 1266
2698 450
2577 1313
1430 1765
2718 2253
2577 2862
1336 1883
2557 1695
2806 2045
74 1426
939 1949
656 717
2517 197
1276 1684
816 997
2347 2751
2082 1606
1037 1518
1392 768
276 499
2089 575
2638 463
2225 2091
598 1231
2513 2191
2778 2048
1917 2138
785 601
62 2357
1667 2912
1905 1293
1757 1839
1167 2825
1740 568
31 2358
586 2615
1913 113
2176 639
1364 2780
195 1888
1131 1341
2570 1192
2426 1587
2638 1871
2144 1267
338 783
1904 34
2766 1627
1056 547
2359 2527
2061 804
1465 298
1990 2732
95 567
2721 7
1978 730
2035 1486
2129 401
28 1040
872 1752
2442 1005
2708 169
157 917
2477 532
2691 132
1005 20
1804 2409
1888 1578
1184 2264
1629 582
1712 1876
2756 291
739 2121
1232 1611
1730 2665
2014 1547
1774 156
2519 2639
2456 990
867 1281
2617 1676
2582 134
723 599
936 801
424 2740
1727 1181
2506 147
2440 1189
1050 943
1374 2758
2756 2909
2 1104
483 1272
1235 1616
41 2189
87 2146
2674 2546
2179 1349
2802 2220
2168 87
1540 2002
1903 2555
717 932
2887 2119
2144 1456
2076 2171
1314 2181
2713 1351
49 1409
881 1061
2137 2337
2163 2711
2839 1312
284 1841
705 2401
481 2866
2894 1624
2157 1592
1874 230
2592 554
2725 2827
417 1337
2061 706
597 1993
1248 1127
1737 2788
414 2075
2524 873
2150 2812
32 2715
2081 230
1947 1884
1444 1615
2817 1340
1794 2626
156 1045
2401 802
734 977
1331 1057
582 1045
2992 1721
2338 2079
1994 699
2012 2535
1945 623
1192 2234
488 1075
509 197
1752 2023
2930 1544
203 2360
1890 1152
76 1787
2619 1969
981 1469
932 836
721 1993
1549 606
1979 2857
1107 2217
1694 1056
2716 1127
1007 2728
823 2635
1440 400
2568 2339
2815 2488
2211 2051
2254 2999
687 2819
1011 2293
2085 2237
243 2173
2953 2271
1923 85
2696 2448
2703 2161
650 280
398 2564
2115 2880
2734 1497
1900 93
1252 1722
943 927
2271 2854
2115 799
942 696
1124 1432
198 1838
2159 2372
360 1503
540 602
2107 2256
1765 511
1870 2385
2550 2620
689 1107
510 798
1428 661
85 2043
1295 272
566 2803
972 1271
303 1917
826 2459
1102 1901
2508 118
2575 1834
2338 862
1619 2332
2149 1269
2939 1621
1192 2454
845 447
1166 186
1510 2207
2095 909
2497 425
1287 2426
1983 2733
1664 2318
207 2008
1798 59
1376 605
731 771
2565 645
2341 2489
496 965
2733 2570
1074 1888
1506 1905
961 2772
501 1924
387 185
2981 993
1699 1231
382 893
1386 311
878 1806
927 2157
2920 2511
2210 1588
69 2900
1309 275
2631 2687
156 1431
935 1474
1895 169
2714 1214
205 2529
904 2388
627 2539
2950 1169
878 817
2612 1959
2085 345
1600 1346
2419 2689
2404 1480
1411 720
270 1773
1076 1086
695 2669
1871 1375
2231 179
2247 1835
2119 2378
2353 634
1934 402
1947 999
1080 2238
1882 266
2603 2043
2383 1170
1636 2555
402 1779
2402 1835
1609 20
2473 2386
1090 2908
146 1187
2296 1407
2137 1620
1099 267
504 48
579 1720
2810 250
221 1631
1825 1107
479 185
2500 2878
2129 1012
2843 314
1252 562
2869 1944
1464 2602
1925 877
160 1243
2920 2658
2497 1502
1122 2067
2084 308
2314 2188
2183 160
2995 2010
714 45
948 2249
1776 755
10 458
2829 1270
1003 176
2472 2600
327 91
2441 1273
643 1620
52 2484
1158 2690
1262 251
1248 1132
487 1885
2671 2032
281 759
2147 2356
169 1889
381 1179
1651 1331
2444 2642
2538 359
1944 2707
1760 1816
466 2986
1443 596
971 2350
2706 1734
324 1282
2726 1919
2246 349
2700 2030
2715 542
2841 141
2805 1196
2823 2158
1206 182
2728 1342
2503 1574
1232 2425
1997 427
1992 2606
1361 1983
2799 2100
1398 422
436 381
1248 1480
1210 722
2484 2737
899 2247
2426 199
240 25
754 291
511 2629
30 2276
1527 42
2292 128
2656 2290
120 29
2646 1389
311 991
24 1007
1966 2611
1147 2627
1268 2451
2157 1024
1525 1610
1519 1739
1305 355
2234 309
380 1901
1573 310
1391 2
805 969
1943 1664
911 2570
2117 1783
1538 310
1822 1196
569 1234
2796 157
2303 2599
1908 358
2835 428
753 572
1415 548
2009 1272
1091 2794
246 1238
1983 1042
1592 567
281 2770
322 708
1436 2577
306 1196
1322 2422
1316 2839
2666 2876
289 1339
1389 2989
212 31
446 1829
2205 1719
1289 992
2098 919
302 222
1891 387
1469 1813
876 799
1579 944
1272 1306
510 2304
988 672
982 1840
2138 489
1405 2173
1008 2476
664 1637
2856 2536
702 327
2097 780
120 764
1030 2044
442 2220
253 1439
474 2324
2106 1192
2030 382
2957 1650
162 786
2065 943
2362 1964
1687 2698
741 846
1915 60
2587 151
1844 2140
600 700
2498 1658
2961 902
2299 1134
2030 2940
1095 788
1801 1858
2581 187
455 18
2509 342
1764 275
1471 2683
1292 31
1932 1290
1991 2513
2924 2440
2148 1910
1687 1389
1041 467
1152 274
802 96
2055 999
3000 2860
1670 2284
820 457
1742 63
677 1641
2338 1693
2573 2920
1524 804
755 852
903 1240
2741 1819
2750 1596
2491 2988
859 1604
212 2105
1169 1
363 2674
2478 1525
322 2030
100 1751
1882 366
711 2953
1482 250
676 840
2206 2840
1263 452
2298 2626
1973 2913
1607 2160
2684 988
2628 125
2455 2706
2345 54
1015 1686
200 2977
2286 2489
2726 842
2462 967
321 2532
1202 215
1233 1310
467 644
611 1379
709 706
1780 375
1643 2410
1059 2095
2760 458
2963 2912
2967 358
1335 2618
2838 1932
1807 230
1679 199
1266 2894
1215 2177
212 1717
962 1735
2650 2903
1911 80
2587 2489
2663 206
385 2028
764 1944
488 1086
2472 487
1247 1818
1588 1399
1285 2777
1434 2392
2670 2241
2732 1478
2078 2053
110 462
1484 1565
1593 875
699 1751
1890 2599
1893 1718
2747 2749
2753 2114
2185 439
2863 216
2502 2251
2273 2500
2711 1948
2292 252
1528 2606
2023 1631
1022 753
900 1581
141 434
509 104
1220 2166
280 1036
2286 1033
1077 1923
138 1167
2752 1301
2613 816
2979 270
246 1385
998 223
514 1320
2497 1529
1490 120
2016 2944
234 2839
736 2653
227 2604
1650 1630
2859 2388
37 1906
2651 2974
121 1103
785 2926
98 2191
1223 2112
1593 1459
1436 350
505 454
2058 1195
1896 957
2920 440
1821 1965
1936 726
2745 229
1475 910
1537 382
1724 1822
2123 665
714 149
582 2527
810 2584
527 1575
2101 2926
546 2571
1182 2961
477 1700
2078 2022
1995 2768
355 1471
184 1104
2742 2966
200 1599
2037 2485
1013 1640
1465 2556
2713 1703
1088 2451
120 2499
1917 1248
1906 442
70 291
103 101
2654 1641
283 950
1709 2662
1757 840
637 1125
2979 965
1558 1933
688 1230
1164 188
488 2374
1119 1175
1867 1471
1892 22
1897 1090
378 2178
2757 1865
1959 2624
197 864
900 2170
2897 563
662 228
545 2353
2863 412
756 1642
5 1357
470 1820
2952 2646
1137 276
2330 991
1856 2468
1442 1963
832 1775
2369 501
2576 1021
1817 2060
1443 2483
459 2848
2363 1258
1352 2362
1392 2700
2546 343
1473 18
316 2030
1474 2241
1671 1794
1375 2686
2118 1345
1127 2392
2092 70
981 2629
2565 748
875 1584
2962 300
456 1177
33 41
1716 237
181 930
569 2639
1921 1688
293 2543
651 2416
605 2786
2407 675
1083 1355
704 1332
1763 1057
1463 2466
1083 392
245 2631
801 228
1203 2359
490 163
1364 1405
1391 283
1929 331
2954 1597
1838 1505
1418 504
1827 2656
1012 1080
310 1095
299 368
742 869
1825 2285
1675 2160
470 1997
2068 46
1647 705
1153 1026
2827 1711
947 2025
155 435
2704 981
16 2270
579 113
401 2063
916 831
1756 1554
2156 967
2037 646
220 1408
1486 1460
2590 252
462 1860
1971 2783
1788 378
2567 1184
2301 2097
714 35
85 142
1848 454
1146 345
2059 1819
791 2768
2136 1118
296 1708
2679 2935
2737 1591
639 946
2916 1942
2 709
2211 1668
1828 2649
2138 1472
466 2293
105 408
729 511
2017 2045
1644 308
1852 1856
330 1571
586 1246
2686 1733
2297 456
73 1519
332 342
1102 2267
55 1894
2756 2076
586 1455
2161 2417
2813 282
1069 2932
955 523
2173 2282
1410 2597
2601 1925
994 2812
1472 1601
1795 1351
1731 949
740 997
1887 2963
1537 526
1286 241
741 22
2064 2040
2736 606
934 252
1779 1524
2448 2461
2962 2692
31 1134
1088 2038
2333 1773
658 1266
900 562
44 850
2877 2267
1433 2271
1874 2807
2570 2462
1502 530
1660 1219
1835 1896
1710 1031
99 1837
2027 2543
2379 2341
1006 2101
1165 1519
2795 587
2782 575
22 229
1120 388
2006 686
888 2559
2681 838
2938 294
2158 2354
2731 1640
615 1876
2664 2602
1150 2941
1157 433
57 1488
1465 848
681 2161
2632 324
1391 1470
1032 574
80 333
680 634
323 2830
2134 2174
2064 1170
2568 1844
532 2668
2206 987
898 1143
326 2795
2500 3000
23 1200
42 461
314 1497
1746 2454
2861 1737
200 163
818 517
2456 591
2449 1048
234 523
737 524
141 94
1620 425
328 331
1524 2091
1157 2212
768 359
2094 1190
980 1669
1316 2140
2688 2829
1006 2056
1087 1355
1839 2120
74 2229
2083 430
78 1047
1227 1386
2404 1620
1591 1083
2912 1872
2796 1548
692 1004
2151 980
1230 1002
2744 1032
1423 305
89 1589
2181 1643
1481 1497
1803 1605
2748 369
415 2670
1286 553
1653 12
2792 2975
794 1580
1594 2440
1852 2624
242 2855
1576 1078
1844 715
1811 590
1602 497
1317 2228
1725 810
1259 2728
925 447
1789 1234
685 1449
1295 1009
2363 669
2995 237
599 1401
1902 2907
193 304
2282 530
304 2012
1965 1612
1720 2981
2160 2847
2324 228
362 421
2797 2765
1918 232
2665 477
2090 1290
223 2599
249 1524
2034 2022
100 2813
1084 1974
828 2414
2685 2899
2291 2267
876 1631
284 2820
2438 1694
1704 1781
2876 1285
1507 2747
409 1346
1094 1505
85 53
1046 2705
1996 1135
301 1038
2787 978
1143 369
259 1057
1799 1723
62 737
2555 2891
634 2001
1869 104
396 1198
1476 1978
1974 1010
2267 2572
1148 1317
2320 2932
2220 2421
120 246
197 50
1369 2157
2633 781
1096 2883
1989 1282
1748 620
1584 2483
1578 958
1378 1624
426 2244
2824 2572
2865 379
2709 305
1689 476
387 1870
615 372
1234 1392
99 2424
360 1911
2853 389
698 1643
2854 1686
2673 487
381 2111
641 2076
2707 522
1062 2144
1745 320
16 2393
2520 2427
48 21
2601 2089
75 900
2142 1403
1631 2832
2112 1615
948 2891
2083 1427
1157 2738
2663 1371
254 1529
1353 2836
432 615
2593 2754
876 1579
2397 1831
1396 2183
2494 1037
688 860
288 750
2743 239
2440 2210
2060 2562
1858 529
395 438
2641 745
316 1887
1610 1634
624 2720
2162 2080
2353 2633
2815 1017
1263 2518
1077 2128
2064 258
243 2169
1703 1140
2541 2253
1377 2049
2051 2497
2228 402
2361 2050
1945 2447
2712 716
1659 2739
1573 2899
2536 1946
2256 969
1424 2961
1200 2009
1684 774
1230 19
2624 2319
2951 1634
500 1511
2518 2794
2831 2222
2241 2998
1285 1736
1570 465
2740 2265
776 1315
73 2071
1951 1558
760 529
1774 1066
355 1478
384 14
2794 1409
270 1439
2052 1964
795 166
789 571
2223 877
1505 1442
1079 2690
2240 1897
1789 2936
1331 1559
1276 2706
558 13
80 417
374 1140
595 520
2140 1049
1698 262
450 888
402 779
2630 1128
389 2943
797 413
1817 2783
1642 2619
2227 2337
1239 50
2127 2291
1283 1285
1228 1687
2060 991
2662 2954
463 1960
1035 2964
366 1460
2075 1386
449 1421
2649 2419
1608 194
879 1488
1600 1888
1305 600
1980 1720
1313 1474
502 2761
163 1236
526 2656
1137 923
2506 2941
378 612
1495 1479
1230 627
2823 754
1981 2034
715 2025
2737 1205
2642 543
537 2075
763 66
1624 2607
960 1634
2661 1927
1140 1454
20 85
886 1800
189 5
1326 746
2267 2262
431 2512
2424 2020
2845 1536
2151 917
1241 1896
2570 315
1588 2351
301 2090
1808 1711
1331 1362
1061 2097
527 1518
2858 657
2765 1982
1602 2915
802 635
1594 2623
2690 345
1287 57
561 1497
2973 644
116 1376
710 1463
336 746
2303 2808
2611 1339
1706 2529
1322 2888
2623 2481
235 2585
2324 1876
1900 745
1575 1325
1715 1481
2121 1379
2855 2938
589 2489
2951 49
1641 1755
2402 2216
413 2822
2310 235
2514 855
1285 977
949 479
1557 1124
819 445
1839 1177
1975 636
1875 2099
914 918
1905 1813
1714 2682
1219 400
2222 1738
1849 2332
209 1424
1533 858
950 1338
2281 225
83 475
2525 1111
2136 1596
117 2171
105 651
2306 1681
258 2555
32 2357
1147 316
2128 1459
2013 2852
2551 438
2172 2598
2751 520
1269 1707
1316 2122
2377 1302
529 2868
2883 2235
2908 319
2382 2779
512 1137
74 1329
2770 2153
2561 2265
2486 227
1365 234
58 2606
421 2177
1499 268
2984 2848
455 810
825 2871
795 2146
1155 1962
1142 797
2398 970
1829 1652
2466 745
872 904
2804 1712
933 2512
1423 947
2140 188
253 1232
1147 1424
630 2347
2907 1323
2128 638
1378 1200
1840 535
1194 1436
2848 2954
1193 2145
633 1697
539 667
1363 2385
710 322
1819 215
2012 1191
835 1683
430 506
1768 1412
94 2275
1561 371
2166 2327
1619 180
887 2421
2141 2075
1605 2042
1032 2011
2185 2386
366 93
1351 1632
2976 1959
1874 744
744 995
380 307
2982 17
1426 1171
2337 151
1646 487
1428 512
1031 56
1556 2915
1663 1733
2375 1743
444 357
1583 1419
993 2228
342 1026
1373 2095
1196 1174
396 1123
1647 1996
1525 1098
1547 2834
372 2448
690 844
113 1533
2478 1908
2033 2116
1397 1571
2395 2996
2955 2259
1909 2556
2158 1192
607 2076
2814 2311
1712 1449
2628 1644
1697 802
1221 354
495 1177
1926 647
2605 1860
2002 30
1745 1589
1394 1873
101 2606
2301 2590
2897 2641
152 161
2423 2175
2631 267
1855 287
2580 2186
461 1609
263 1193
2767 1915
144 1625
1195 701
97 2567
1897 2520
1383 2952
1076 76
2842 1163
1359 1170
1843 1566
1349 231
550 1220
2258 2675
1952 1005
2320 272
683 2910
1005 1871
839 106
1019 2607
2139 1585
2415 1783
940 1809
1279 950
1213 810
2293 2873
776 2966
1361 2205
1420 425
879 318
2680 949
228 2823
2966 2073
2855 1755
835 883
1661 179
1375 1996
1597 2520
664 1603
2654 1588
2452 604
533 1212
750 1618
419 1409
1656 1146
279 2496
1259 2027
2120 1486
1938 2331
2334 2551
1214 2907
2689 2441
2229 1950
34 309
2412 2190
1825 6
2935 2768
2206 2389
126 937
2932 2275
2155 1496
1618 2384
1905 1406
2076 2836
599 2411
1986 909
1309 1827
888 2769
2535 2985
2918 2532
63 354
1168 2571
519 2766
2344 1570
1984 1035
1058 1891
685 1362
1889 1504
2931 1718
2464 1035
1357 282
2028 1819
1250 2682
2720 2658
458 2644
1808 238
290 2272
507 2540
2164 375
1275 2731
499 2184
102 160
885 1713
2682 38
1601 2755
564 1129
491 294
2666 403
2189 512
2634 2958
1649 16
2794 2050
2253 1119
578 1754
2469 2450
927 2514
799 1353
2121 1644
2339 2291
2118 1211
1506 1238
2640 1287
2689 273
2013 123
534 213
1527 403
2858 1268
1331 26
2439 2696
1173 706
1211 2855
2292 598
2573 1437
385 1717
1736 690
2222 215
1727 2350
405 1797
48 1427
478 2644
2252 146
277 82
477 1648
475 1724
1824 730
692 2711
573 2070
1962 166
533 2260
848 2948
1172 2742
1081 1978
1903 131
553 2298
2304 970
2604 1365
31 1366
214 2971
1843 1876
2347 2745
2641 181
2824 736
76 2584
1361 2835
2414 575
212 1952
1686 125
1846 2699
395 2390
1461 1088
832 432
694 2424
2120 2321
112 629
2628 57
1897 353
1682 865
167 1636
720 2196
513 1261
2441 2293
2095 3
1655 601
271 2548
2123 2558
1490 2509
1417 2884
2958 459
2559 923
1965 1738
679 1838
1678 620
226 1367
74 548
1072 2554
1274 603
1398 558
864 723
1399 2169
2707 2195
798 2764
2678 98
250 479
1899 2383
339 1245
1748 1400
1788 108
74 1817
2650 1358
1346 2336
1180 1779
1565 1223
860 1139
334 625
1341 910
2338 281
852 2294
587 2207
1932 1912
621 1308
549 1287
2349 768
317 137
70 2722
746 2510
694 2912
1662 1374
672 983
1123 266
1771 1805
617 2751
644 1718
1047 2902
919 1076
2398 2191
596 82
532 1743
2943 2882
1335 2975
944 2613
1168 1120
117 540
1611 1852
2949 1020
276 334
654 2479
1932 860
8 153
1860 731
364 296
2297 1101
56 1592
2121 471
1084 438
1021 2446
346 1275
527 1483
2297 675
694 1803
2346 670
2967 428
1447 2287
470 1253
2345 1972
1102 158
1361 2349
1917 2504
1137 928
1939 1254
2843 1179
725 2220
754 2924
1293 2751
1593 2822
284 1597
1113 2541
563 2798
62 1148
750 2723
1932 2293
1066 182
1494 2833
1417 2579
2271 2680
2939 1341
2972 2275
1207 1747
250 2583
2355 540
1348 2141
1864 2449
2400 977
2993 155
1859 176
469 2141
1114 2509
2307 2267
866 2933
134 2275
258 2713
1257 1370
2208 244
100 1555
2208 2246
2464 2395
1660 2376
88 1584
2889 289
440 604
646 65
2730 924
603 2444
2471 2038
495 2720
275 626
2962 1555
2588 1448
1965 191
676 1178
2374 1639
2093 555
1000 2927
1252 305
627 1830
1881 175
1752 863
1510 2030
407 1729
1390 814
1148 1156
225 1207
1848 2077
1189 2300
412 2412
2382 538
1555 995
2505 2653
2896 2777
2061 1228
1726 1920
2548 134
2647 1276
1961 502
1903 966
1994 2843
1273 2783
1239 138
2674 49
1803 656
2397 1482
1075 2026
1927 1514
221 1016
252 2799
2091 2746
1665 1079
1928 2369
324 2591
338 2385
2297 1721
2696 765
2534 2035
982 388
105 2813
1431 2635
985 2402
1714 2883
1962 1436
1320 2436
725 218
325 1330
1222 2403
69 2231
1920 1983
609 2345
1094 2603
170 1221
580 1926
2526 1164
102 1146
864 2517
1222 525
2204 1892
1268 664
1139 2329
2953 143
692 764
2772 1651
1277 1464
2089 2213
1080 2821
1935 652
416 2242
505 1128
2350 2522
1687 1096
1455 47
70 2553
321 2149
1981 1447
2270 1576
489 1273
1687 608
1060 392
1645 1276
1937 1465
1996 1797
1291 1948
1922 2252
1854 435
38 63
2254 446
508 1128
239 1847
2480 2294
1605 1930
2096 984
2101 727
287 1735
2124 1626
1760 2803
246 739
248 1801
929 1306
1431 1676
1155 453
119 2466
794 718
1422 2128
1659 350
2273 2280
2244 63
2258 1753
1078 1672
36 328
1605 2625
2763 1110
1554 2690
1594 2978
987 512
2247 1561
1849 2984
993 2651
1594 1166
549 40
2168 2128
2165 370
2067 998
2187 1084
1082 2933
189 2884
207 1165
1289 653
2076 560
1738 1944
200 1388
2931 2419
662 874
468 155
1544 1319
339 87
2128 1131
564 2604
1304 929
2340 2800
2067 2454
2874 2441
2770 1758
760 2118
1011 1707
2721 1697
2600 1423
67 1691
1236 860
1526 2056
1899 1905
1957 1653
2578 128
2213 871
1092 478
1196 1421
2127 299
629 2585
1199 1115
2392 355
1241 380
2526 1479
1819 912
262 2976
1658 2333
1722 2213
443 692
1598 1514
1774 79
1801 1066
2328 310
1724 628
1880 2348
859 1748
1692 1757
2890 2371
2397 1946
1547 1609
2089 889
1917 802
2767 1503
2854 1559
2096 2647
1780 1447
1420 1760
2888 701
1042 1825
1220 332
2621 672
687 600
2819 1172
2750 2639
2023 2359
277 488
474 352
2151 1162
85 2232
1290 2576
1842 1012
975 851
204 1834
2441 2761
1332 1623
1467 1069
93 2160
1030 431
1514 1048
491 1790
2951 2226
1390 1523
1870 2039
1181 1671
1115 2201
1112 287
2265 2225
984 1591
262 2550
2604 1845
2892 2344
2042 2608
1794 356
1059 1537
11 2880
1426 384
621 1738
966 202
1237 2724
942 1945
2041 514
733 2333
2245 535
2095 2922
946 1581
2858 97
1484 1363
1008 2572
1131 852
276 2292
2373 366
586 1909
1761 208
725 2093
903 615
931 2457
2030 1859
283 1056
1798 390
2155 332
2056 2645
1395 1206
467 25
2758 585
32 1200
593 2386
2264 2936
2564 550
1548 1372
2258 5
1796 2962
2364 2677
468 811
226 954
237 1205
732 1701
608 1654
2510 1171
1569 2946
1403 2663
1801 1999
99 514
947 1831
744 2418
1604 245
101 2593
1605 2980
784 2704
2954 300
2738 2995
1240 2206
492 2838
2371 338
444 536
277 942
616 2287
2566 2506
2754 1757
1752 2187
2229 1786
1234 2269
895 1593
1456 388
2224 2095
1001 2604
1330 2761
1321 1047
280 2246
2487 2543
1772 1158
1985 2869
2092 2328
295 1562
2925 1666
1070 2947
2451 1620
2031 234
1224 2982
2471 1875
1275 804
871 2660
226 614
2054 1425
1811 1357
1158 1774
15 2971
2148 551
16 2587
1012 124
621 2409
2197 793
1100 2050
729 1053
1007 1583
672 2401
2786 1014
2813 988
987 994
617 2236
2747 1764
2958 583
100 2154
1286 1315
1132 2094
2654 579
1025 2162
1957 2371
2349 2668
50 1758
1645 2764
381 662
1092 2301
2219 2995
1349 1347
2248 2879
1312 1290
2985 2714
1292 1264
1056 1690
1671 740
139 2358
658 2950
1542 2834
1937 456
2928 1733
1873 1438
1748 2321
90 1170
2 1443
1455 2971
1093 28
2523 1615
13 2495
1335 2103
2640 1012
962 410
1068 780
520 2572
1441 838
2390 864
517 2481
2836 2364
63 1083
1235 2588
752 2978
858 2938
287 553
1348 652
1572 2837
1308 1550
2591 2817
748 618
794 2054
1946 141
508 2007
1956 499
2647 1164
2085 542
2141 1085
2168 2915
47 1601
2213 2398
869 2599
1618 2472
1565 1846
1236 797
2293 2144
2638 339
1347 2740
2216 2311
2200 236
2444 1898
904 988
2581 821
1166 501
857 976
141 2664
1121 1049
2945 2046
118 2075
1719 672
1478 2349
1731 1003
959 1477
1745 1518
1948 1820
38 2623
917 1524
2551 586
924 591
1154 1475
2061 2218
508 1407
2285 2898
2450 1510
423 158
2372 2124
875 1485
183 1440
2368 329
1683 2420
235 1948
1604 1302
1233 1305
68 942
2121 1559
1953 889
261 2089
138 1189
122 1962
152 1575
670 343
379 2361
1834 797
1067 472
705 1189
840 2597
2512 1517
620 1378
2269 794
1151 2159
2284 1202
2243 1661
2496 2662
2401 1492
1616 1640
1419 2632
483 649
2044 2665
2476 1190
1093 1851
1441 444
2114 858
1616 665
2100 2690
1395 2005
1480 927
2471 850
2536 2144
1831 2472
1416 1146
230 1572
1219 506
741 1089
1887 434
793 1879
1575 1064
232 2243
2848 1827
1566 1072
662 2352
2539 885
415 1588
144 606
1712 731
1586 215
751 1336
1765 2478
49 525
2884 2537
876 1189
416 624
2424 105
2296 2132
602 2784
248 2496
1753 1906
1885 2303
764 1607
1871 1886
1179 243
2872 52
726 1669
2196 391
2307 2289
377 2328
196 802
1154 2498
2615 1700
1638 2046
2384 361
958 243
420 2706
2407 2061
2087 1264
1165 1651
249 315
2289 997
2573 1803
140 1886
2922 597
2940 494
1477 33
2918 2116
2958 2850
2525 2922
418 2773
169 160
2777 1070
2340 1886
1393 2031
641 940
995 1545
2766 1069
1508 48
2620 83
958 2523
316 460
104 1994
1796 1174
2396 1755
1707 319
1912 1429
921 408
1535 286
1170 666
2368 2195
2324 2570
159 2271
2951 1209
2195 2606
1301 1183
544 873
1274 2113
1373 2916
2054 376
2633 2886
2032 1029
2522 18
1501 690
6 916
1714 2522
2453 2165
1182 1667
15 1795
1819 2987
514 723
2255 929
1638 960
605 2734
1333 1152
2058 1507
509 2917
2301 468
1352 185
534 2022
798 1022
2507 197
2537 1237
1286 209
1665 2230
299 1434
1561 1607
2193 2841
266 296
2894 1601
2710 174
2584 1198
696 1326
1642 2517
722 861
2283 500
1887 2870
2877 667
954 1059
117 2644
1583 1351
2646 46
1648 748
467 2056
2355 2665
2213 2316
2450 2806
1049 1554
930 2026
902 2215
401 2629
725 2997
2849 2994
2946 2765
2258 2399
794 2034
1071 2512
2141 176
768 1288
1606 1949
1592 122
2193 782
712 1528
2581 2526
315 2969
1026 66
2675 1960
2172 2696
20 1899
1320 1090
1984 2145
2846 1757
731 1727
2320 2407
1431 2261
1010 744
1803 1388
1955 224
639 635
1107 2146
20 539
1909 199
1977 679
111 558
2177 128
167 98
2347 2304
2208 1428
2298 1285
1742 1251
1063 2513
2718 978
107 2759
1178 2865
57 312
1036 454
