2000 1000
822 558
553 579
297 336
665 833
483 731
165 586
856 483
932 522
237 724
718 644
873 131
325 895
944 416
301 256
698 111
926 511
860 199
168 294
901 777
958 464
299 541
821 511
510 578
455 881
238 262
203 675
745 189
496 782
776 740
506 433
834 648
763 167
89 922
246 179
172 918
40 209
316 189
575 175
475 608
888 924
9 781
780 7
985 327
643 91
212 401
708 666
357 531
210 583
261 56
299 497
815 607
22 13
126 89
675 634
933 138
96 19
408 980
320 217
290 184
270 271
30 31
131 242
361 200
604 480
32 130
560 136
750 276
265 363
921 394
320 641
822 555
46 847
817 290
952 343
266 522
754 385
69 301
256 377
392 982
385 961
354 477
53 984
578 780
464 595
189 992
271 643
61 594
187 95
758 878
596 51
274 987
647 505
1000 84
355 216
673 95
400 906
11 636
593 554
881 792
724 285
323 275
544 248
713 414
534 603
814 417
195 5
659 580
605 16
865 292
723 597
947 337
906 739
156 878
253 821
461 640
557 858
473 370
714 225
132 760
816 147
169 83
949 723
907 421
226 612
999 269
913 755
336 629
566 965
3 746
128 689
564 236
346 817
160 143
77 573
813 728
865 424
839 252
852 959
260 750
985 304
106 399
500 151
247 779
149 95
601 521
339 223
424 379
188 906
505 728
490 684
4 302
688 602
672 571
917 857
405 158
760 641
954 34
85 875
536 947
366 257
599 451
30 182
184 991
746 718
458 462
65 878
401 586
166 927
580 194
419 791
781 358
71 721
911 797
827 246
971 412
570 356
707 56
600 486
507 342
629 620
37 720
705 172
916 35
586 729
611 239
651 531
974 719
616 487
409 745
607 977
840 576
985 839
239 824
778 519
739 825
852 596
856 544
571 509
141 994
181 343
341 563
704 4
319 655
192 124
248 510
865 707
111 957
778 466
874 746
243 290
903 952
536 103
133 316
846 994
188 159
750 953
250 526
920 603
600 774
777 662
524 388
296 308
968 196
454 310
819 551
4 575
311 123
513 212
379 86
739 961
849 346
806 520
346 760
435 647
585 502
755 679
238 946
621 508
812 516
996 986
652 239
324 468
187 321
950 771
242 172
18 837
597 723
732 315
470 96
643 384
954 149
382 63
380 26
351 268
489 799
956 190
548 10
492 603
203 651
192 172
666 398
170 579
422 113
553 691
364 103
957 990
907 380
321 12
616 666
255 707
64 275
64 394
211 568
283 699
15 105
990 656
963 558
707 5
229 158
701 238
534 157
587 34
556 979
644 736
136 411
356 873
586 298
990 615
249 121
570 476
727 795
969 238
741 179
471 626
907 920
783 934
618 530
997 83
766 618
64 59
502 77
7 511
781 338
742 484
566 612
177 815
196 417
928 711
744 60
787 882
558 48
512 762
554 838
675 329
79 321
701 579
336 144
512 524
595 987
505 106
666 490
255 219
188 323
308 250
244 738
242 678
968 541
543 251
413 593
132 429
256 231
546 674
632 435
270 512
954 191
103 200
117 403
445 961
688 680
188 503
649 717
209 309
440 289
101 776
562 114
672 430
274 614
768 336
677 439
401 236
468 12
767 30
392 807
410 935
897 849
57 966
199 772
859 767
653 66
425 257
203 690
88 613
323 316
942 331
358 685
819 151
960 404
138 636
185 589
143 735
765 6
275 680
663 649
614 436
345 466
788 855
135 113
500 880
45 609
749 205
933 898
457 641
6 901
959 907
633 679
819 881
158 679
145 764
479 594
154 701
395 503
942 881
526 911
979 601
62 351
812 581
185 849
46 250
94 696
687 970
401 203
711 587
387 51
844 578
617 360
720 569
899 9
510 655
72 579
926 303
680 517
860 164
34 737
32 755
696 564
113 105
519 794
579 695
283 660
187 867
643 899
40 513
705 474
757 273
605 655
228 979
186 202
565 433
464 337
959 787
732 171
974 297
317 355
974 44
360 928
167 382
191 971
633 396
573 736
586 448
485 105
102 12
315 855
470 644
291 322
324 979
338 531
878 145
490 992
937 867
577 96
879 419
795 768
812 778
15 989
846 899
976 474
483 482
789 580
528 669
699 940
183 586
866 781
608 793
333 80
603 323
110 60
132 355
753 753
608 683
223 311
720 427
638 970
332 398
7 65
98 157
633 871
151 328
116 177
820 161
672 730
293 268
351 836
70 645
728 127
614 760
373 903
105 606
96 72
169 463
585 117
877 299
475 67
28 853
640 863
811 18
466 791
654 718
444 791
12 985
216 594
214 120
90 316
233 862
876 998
1 773
123 434
808 367
602 215
712 202
134 567
821 676
507 847
359 154
909 414
454 919
312 58
279 36
444 992
279 627
35 466
629 120
669 526
172 642
295 508
584 646
815 904
194 453
419 753
335 447
786 313
230 536
946 231
473 10
260 185
59 179
998 701
644 993
719 866
889 19
128 106
591 617
577 843
448 287
122 799
303 398
563 216
113 467
109 256
718 636
275 576
262 808
483 359
359 807
754 438
822 170
279 673
395 940
302 472
978 889
672 847
703 38
712 203
290 193
394 550
491 506
207 965
520 418
348 672
413 138
932 417
939 544
754 609
988 438
780 767
350 284
725 426
838 23
618 242
279 201
223 265
227 138
762 968
568 383
512 303
703 259
166 797
385 204
395 585
851 327
325 56
4 806
697 104
197 705
647 420
80 291
621 57
219 446
554 88
319 233
958 190
612 601
281 760
944 454
409 243
488 216
928 18
558 801
140 417
595 133
153 410
30 575
676 550
486 37
721 487
325 968
40 467
853 293
619 3
807 215
532 189
194 480
796 223
497 997
975 173
105 514
398 772
641 478
844 872
298 216
542 139
9 666
173 79
626 157
438 182
39 646
636 72
290 583
587 357
488 593
880 379
590 984
168 954
64 967
646 654
255 446
49 909
275 257
141 402
154 411
976 1
112 523
656 739
351 990
708 460
832 405
440 316
635 376
157 987
860 90
664 265
447 119
490 781
60 908
24 851
222 966
155 355
441 398
362 80
978 787
479 694
708 793
536 1000
920 449
47 25
228 136
620 809
751 92
561 90
548 868
502 44
101 431
414 421
778 136
889 181
795 65
204 106
466 126
878 183
612 891
965 106
9 776
528 126
537 843
406 62
26 463
623 867
88 573
873 568
284 376
902 867
985 997
403 327
98 386
548 120
367 550
23 623
986 690
238 791
733 87
153 39
191 800
963 177
271 88
563 746
63 839
967 2
452 529
812 110
237 336
689 805
939 971
780 856
512 871
501 422
291 693
146 718
610 524
234 102
225 369
574 259
554 323
181 418
661 228
79 631
459 45
45 964
797 393
478 669
651 622
293 833
417 927
641 379
796 133
445 505
622 966
369 301
910 871
8 915
332 590
141 346
907 131
423 62
208 449
876 45
106 791
797 577
578 820
414 493
365 130
970 452
319 130
932 950
387 904
977 564
440 344
76 134
206 521
233 835
690 466
414 393
453 538
423 478
796 724
922 350
876 99
18 813
500 802
927 871
880 320
982 174
290 841
717 997
547 688
714 987
91 236
981 401
214 336
250 327
120 528
835 124
761 937
862 893
372 552
467 80
229 398
985 289
673 898
577 749
371 183
706 725
444 943
679 181
242 200
886 422
85 207
811 344
326 315
372 268
400 179
182 17
147 658
776 189
638 721
918 399
150 334
113 227
645 932
597 965
340 459
75 793
19 737
648 658
584 217
22 18
71 875
849 938
986 701
749 426
793 752
686 771
371 549
207 939
541 778
39 337
946 984
89 977
44 487
436 834
658 476
579 190
898 65
997 986
273 437
126 519
233 823
271 809
322 13
789 278
309 449
454 464
140 191
337 246
534 520
941 760
73 931
946 338
417 796
832 427
409 93
197 726
383 692
819 344
236 989
561 699
380 378
344 707
411 344
289 840
889 60
381 443
232 734
325 748
955 812
315 643
433 666
617 573
618 817
153 793
753 54
524 324
675 620
359 706
887 484
250 806
766 28
955 12
245 581
515 213
328 554
87 602
562 470
874 21
643 349
313 228
152 790
511 79
673 463
361 61
103 194
893 858
613 271
543 179
328 17
916 261
914 389
235 698
419 128
520 605
649 833
322 73
586 631
952 861
879 124
200 419
236 138
416 978
437 565
777 80
339 593
992 387
574 845
366 906
733 345
707 295
389 508
886 104
383 321
880 302
821 210
939 550
101 757
157 423
430 846
969 434
75 710
807 129
503 147
234 785
176 832
419 561
870 542
924 216
277 610
392 306
282 25
89 644
691 338
746 648
650 283
647 547
674 775
257 989
842 678
342 88
291 149
240 149
357 31
572 731
111 332
415 209
70 570
844 942
637 409
721 383
870 435
323 913
448 276
70 672
298 286
642 383
495 96
818 233
906 768
951 479
435 399
476 154
786 4
915 340
676 115
377 322
661 23
189 845
653 13
806 226
133 980
534 358
683 626
401 29
596 472
859 253
370 729
937 487
286 183
694 854
256 375
377 434
613 998
653 775
879 331
626 826
795 926
170 820
320 394
838 491
532 488
313 429
515 324
989 54
218 891
21 851
696 189
219 887
574 936
339 255
129 117
520 226
598 759
614 235
813 672
503 73
73 694
545 734
575 495
192 207
484 73
720 820
956 798
998 121
185 645
624 492
345 339
545 376
571 268
146 113
211 45
445 665
140 524
4 786
893 99
866 36
15 368
831 369
406 824
874 80
110 558
258 743
808 510
894 733
540 943
566 391
433 104
473 729
372 714
584 319
758 535
3 364
761 345
306 458
819 670
607 675
36 106
515 689
973 917
285 489
353 431
818 357
809 521
761 393
970 86
399 654
793 283
891 518
235 498
386 703
78 741
789 556
908 345
881 360
473 464
808 108
114 308
830 882
376 281
87 595
158 698
543 767
567 599
882 27
900 254
453 304
773 831
612 873
693 260
526 140
43 296
150 485
718 615
747 264
208 911
290 470
183 998
794 217
56 588
696 227
316 962
876 580
368 971
564 283
152 298
832 535
596 636
526 94
85 15
159 381
393 251
41 657
549 896
142 990
571 593
885 654
765 672
8 740
432 41
270 177
68 835
169 935
683 556
826 301
392 404
644 466
818 918
614 301
553 698
565 348
905 806
66 579
317 591
879 808
13 466
880 685
250 639
584 85
497 601
929 51
607 839
224 175
852 143
880 514
747 939
950 516
185 732
989 316
836 855
739 1000
262 445
219 669
994 943
109 849
638 930
387 719
721 303
373 444
967 398
7 680
706 548
705 766
948 418
703 607
443 65
51 347
204 258
104 730
155 139
992 443
345 247
512 723
983 940
545 168
506 3
531 150
799 380
150 258
673 689
321 237
513 443
494 771
574 498
485 508
845 313
929 739
34 32
752 677
432 127
878 292
293 55
52 13
650 987
357 271
409 215
90 190
983 448
966 774
445 532
148 75
738 483
296 424
995 614
155 471
365 863
259 417
721 961
538 630
674 82
78 975
452 214
321 489
277 925
42 517
600 576
476 775
455 56
757 843
153 96
529 727
101 612
256 493
126 210
253 95
543 71
49 120
897 677
160 360
378 420
50 280
392 623
380 455
719 440
352 460
615 895
354 37
753 999
421 360
483 65
62 472
723 60
686 347
320 677
350 297
759 172
998 159
653 440
678 932
736 436
641 555
123 969
639 35
457 342
986 676
641 102
963 331
395 545
389 647
635 597
466 765
451 814
110 441
318 179
249 526
738 235
632 600
293 592
990 784
836 892
399 751
392 441
949 974
609 717
775 134
695 597
150 732
207 441
594 463
963 697
269 293
214 262
14 114
918 116
384 155
843 54
628 786
398 51
917 747
597 464
906 806
463 686
641 670
875 309
338 217
342 1000
818 25
748 867
225 43
198 899
326 221
381 934
249 797
966 139
825 656
919 834
831 249
609 110
779 250
254 602
214 47
612 107
504 17
339 564
154 145
972 151
454 790
451 563
662 456
806 761
235 518
158 804
743 701
373 504
468 953
472 969
542 417
272 807
303 70
620 793
138 837
185 856
242 174
308 669
875 787
807 286
769 348
618 277
889 218
476 737
980 691
147 681
859 679
296 510
23 952
406 688
496 887
492 308
689 956
929 141
417 165
960 857
421 436
700 853
660 282
206 763
884 416
684 474
147 768
996 631
536 935
74 547
227 182
422 117
466 921
617 258
30 624
666 930
710 36
292 829
666 956
330 845
346 280
750 781
376 509
629 666
850 795
559 362
549 963
142 435
775 358
701 68
372 10
500 505
292 909
537 355
266 655
184 23
135 939
566 657
960 78
787 656
502 507
750 51
197 127
997 724
415 57
997 244
617 595
143 431
422 551
372 122
731 220
586 186
852 552
79 390
533 539
541 184
626 89
863 464
515 384
435 994
18 778
112 617
623 237
986 332
886 962
756 135
87 539
918 997
159 784
791 197
173 539
300 682
728 523
369 608
670 102
79 332
48 555
447 251
693 143
758 606
603 877
442 172
805 923
44 664
90 267
998 685
946 152
879 591
374 298
996 956
440 771
730 371
105 154
657 371
346 944
363 271
789 770
669 632
37 270
629 476
739 369
949 158
595 264
271 894
966 638
266 139
120 693
523 517
781 312
655 592
624 321
344 350
796 847
702 380
687 594
352 32
804 730
988 617
848 884
107 959
734 734
488 485
455 598
539 261
108 38
145 530
174 610
422 179
505 357
133 439
339 800
927 940
275 957
714 221
648 908
660 859
280 820
697 946
403 564
497 400
110 73
622 425
700 267
420 407
162 212
505 761
330 376
543 657
50 163
216 826
621 352
74 49
731 94
19 243
373 256
758 280
716 364
838 214
50 99
107 993
616 131
923 994
138 234
34 950
320 196
141 216
142 815
436 761
119 493
534 951
757 761
321 556
148 661
34 760
824 36
586 210
780 804
514 715
300 334
568 827
341 640
394 336
267 322
706 4
4 689
883 878
860 753
131 660
999 918
778 624
70 124
442 336
396 653
431 891
960 291
24 680
505 351
671 825
269 945
22 865
314 625
730 457
272 254
700 873
926 357
661 757
284 300
594 269
809 607
81 490
319 74
923 910
500 616
923 252
402 180
621 280
577 215
762 351
730 945
787 250
647 403
228 111
946 84
140 145
196 330
665 337
183 307
425 996
382 301
126 343
835 107
922 657
849 105
156 616
187 90
721 927
788 751
886 726
985 115
813 482
796 221
407 487
186 662
561 427
503 700
281 60
256 462
747 21
90 216
183 773
113 73
5 49
732 835
764 643
7 923
991 274
984 186
786 156
335 3
539 306
351 846
180 755
266 28
560 403
788 204
68 501
358 933
784 839
998 589
14 293
909 386
226 128
434 95
74 489
621 241
977 745
710 811
102 938
215 14
698 451
799 925
826 408
57 528
146 369
172 918
347 572
500 505
173 661
649 629
33 557
254 714
360 936
965 634
888 819
137 748
441 54
580 42
34 31
26 368
746 183
205 230
195 769
266 400
201 104
501 364
516 360
425 340
354 384
330 324
402 838
278 142
940 715
881 652
756 833
760 550
720 210
809 437
320 867
217 79
246 161
158 452
566 594
6 160
263 368
623 162
227 521
104 995
988 179
55 124
311 742
277 826
541 617
136 187
967 546
40 597
723 689
924 476
317 884
317 101
495 480
954 162
275 398
294 229
784 36
823 559
116 310
736 763
625 189
330 95
411 879
406 971
384 246
399 62
393 13
430 677
937 625
341 844
715 157
743 346
937 424
432 336
770 554
585 355
491 181
439 50
714 401
669 266
926 779
15 800
443 694
865 54
45 786
326 930
971 644
29 507
694 22
33 262
202 185
416 408
604 1
39 908
964 808
396 200
149 237
340 251
907 102
590 985
756 187
55 178
794 405
479 224
944 359
540 416
363 540
574 155
531 297
842 565
738 260
139 77
28 654
702 783
712 573
21 110
806 437
271 86
657 679
101 129
751 202
768 151
462 186
849 876
785 30
625 581
940 774
898 91
948 837
333 195
346 603
326 189
178 614
550 348
55 99
119 741
818 167
597 19
730 851
482 274
750 239
762 91
193 133
889 552
164 210
530 793
323 153
353 565
193 185
531 701
277 991
509 629
953 183
202 76
424 191
929 639
681 740
926 665
681 978
8 893
109 670
651 151
640 574
167 240
578 619
224 80
402 150
623 553
910 417
897 882
592 559
631 145
314 430
926 141
846 948
671 898
87 960
658 814
860 682
46 796
470 934
700 231
1000 989
101 625
78 189
825 732
769 698
706 89
186 980
864 328
917 539
439 471
809 904
877 62
797 222
488 474
413 993
863 560
428 158
264 773
260 523
194 660
52 48
28 351
313 142
214 305
617 711
390 636
628 335
166 678
523 97
203 98
822 437
218 284
304 928
646 117
894 596
45 432
792 282
611 699
47 981
511 122
224 889
285 536
839 164
516 184
439 139
585 612
289 448
867 51
36 35
1000 360
292 55
784 321
598 159
761 789
682 336
122 97
274 120
333 437
307 847
214 602
897 877
241 615
279 61
979 781
55 144
759 23
943 165
116 102
637 439
693 628
157 359
785 983
328 148
492 953
375 385
918 693
576 766
298 756
432 313
554 665
818 846
105 586
743 428
881 521
102 43
71 809
510 515
299 340
738 182
404 588
492 624
347 721
181 422
262 875
259 94
425 97
36 661
440 345
459 734
448 824
137 49
78 348
493 579
296 464
343 285
923 200
745 423
821 382
135 926
924 860
449 531
790 971
446 806
307 715
268 979
319 764
517 4
812 77
731 103
240 83
776 289
123 532
399 715
492 716
191 516
452 23
561 136
915 920
344 120
537 466
521 833
64 293
203 841
352 484
720 487
963 964
460 651
291 143
126 982
112 658
589 595
70 27
564 430
894 80
745 443
644 20
907 586
313 171
482 962
226 408
899 908
825 380
308 522
394 786
933 15
961 953
128 24
146 122
66 476
425 322
226 8
819 154
825 302
836 589
131 158
410 42
581 85
90 571
23 214
154 261
541 151
991 313
864 829
32 210
618 186
