100.00
0.00 0.00 23.00 100.00
23.00 0.00 72.00 100.00
0.00 100.00 68.00 100.00
68.00 100.00 21.00 100.00
0.00 200.00 57.00 100.00
57.00 200.00 25.00 100.00
0.00 300.00 91.00 100.00
0.00 400.00 69.00 100.00
0.00 500.00 41.00 100.00
89.00 100.00 10.00 100.00
41.00 500.00 38.00 100.00
82.00 200.00 7.00 99.00
0.00 600.00 75.00 99.00
0.00 699.00 80.00 99.00
69.00 400.00 29.00 99.00
0.00 798.00 27.00 99.00
0.00 897.00 92.00 99.00
27.00 798.00 28.00 99.00
0.00 996.00 97.00 99.00
0.00 1095.00 60.00 99.00
75.00 600.00 25.00 99.00
0.00 1194.00 59.00 99.00
0.00 1293.00 90.00 98.00
79.00 500.00 21.00 98.00
0.00 1391.00 70.00 98.00
55.00 798.00 30.00 98.00
0.00 1489.00 83.00 98.00
60.00 1095.00 28.00 98.00
0.00 1587.00 52.00 98.00
59.00 1194.00 37.00 98.00
52.00 1587.00 34.00 98.00
0.00 1685.00 86.00 98.00
0.00 1783.00 57.00 98.00
0.00 1881.00 67.00 98.00
0.00 1979.00 69.00 98.00
70.00 1391.00 28.00 98.00
0.00 2077.00 53.00 97.00
0.00 2174.00 55.00 97.00
89.00 200.00 9.00 97.00
57.00 1783.00 23.00 97.00
95.00 0.00 4.00 97.00
0.00 2271.00 77.00 97.00
0.00 2368.00 60.00 97.00
53.00 2077.00 42.00 97.00
0.00 2465.00 55.00 97.00
0.00 2562.00 69.00 97.00
99.00 0.00 1.00 97.00
0.00 2659.00 98.00 97.00
0.00 2756.00 96.00 96.00
98.00 200.00 2.00 96.00
67.00 1881.00 23.00 96.00
0.00 2852.00 89.00 96.00
69.00 1979.00 29.00 96.00
0.00 2948.00 91.00 96.00
55.00 2174.00 24.00 96.00
55.00 2465.00 42.00 96.00
0.00 3044.00 54.00 95.00
0.00 3139.00 95.00 95.00
0.00 3234.00 66.00 95.00
54.00 3044.00 42.00 95.00
0.00 3329.00 84.00 95.00
0.00 3424.00 94.00 95.00
0.00 3519.00 89.00 95.00
0.00 3614.00 53.00 95.00
80.00 699.00 20.00 95.00
0.00 3709.00 78.00 95.00
60.00 2368.00 25.00 95.00
80.00 1783.00 19.00 94.00
0.00 3804.00 49.00 94.00
0.00 3898.00 66.00 94.00
0.00 3992.00 79.00 94.00
0.00 4086.00 75.00 94.00
99.00 100.00 1.00 94.00
0.00 4180.00 59.00 94.00
69.00 2562.00 28.00 94.00
53.00 3614.00 40.00 94.00
0.00 4274.00 62.00 94.00
0.00 4368.00 63.00 94.00
0.00 4462.00 95.00 94.00
0.00 4556.00 52.00 94.00
0.00 4650.00 89.00 94.00
0.00 4744.00 72.00 94.00
77.00 2271.00 22.00 94.00
0.00 4838.00 83.00 93.00
0.00 4931.00 84.00 93.00
0.00 5024.00 92.00 93.00
49.00 3804.00 35.00 93.00
0.00 5117.00 56.00 93.00
59.00 4180.00 36.00 93.00
91.00 300.00 3.00 93.00
0.00 5210.00 78.00 93.00
79.00 2174.00 19.00 93.00
0.00 5303.00 99.00 93.00
0.00 5396.00 81.00 93.00
52.00 4556.00 40.00 93.00
66.00 3234.00 23.00 93.00
85.00 798.00 7.00 92.00
0.00 5489.00 76.00 92.00
0.00 5581.00 74.00 92.00
0.00 5673.00 57.00 92.00
62.00 4274.00 38.00 92.00
66.00 3898.00 32.00 92.00
78.00 3709.00 20.00 92.00
0.00 5765.00 80.00 91.00
0.00 5856.00 67.00 91.00
92.00 798.00 7.00 91.00
0.00 5947.00 95.00 91.00
0.00 6038.00 58.00 91.00
0.00 6129.00 88.00 91.00
0.00 6220.00 79.00 91.00
0.00 6311.00 95.00 91.00
56.00 5117.00 38.00 91.00
63.00 4368.00 29.00 91.00
83.00 1489.00 17.00 91.00
57.00 5673.00 43.00 90.00
85.00 2368.00 15.00 90.00
79.00 3992.00 20.00 90.00
0.00 6402.00 88.00 90.00
94.00 300.00 4.00 90.00
0.00 6492.00 93.00 90.00
0.00 6582.00 91.00 89.00
0.00 6671.00 48.00 89.00
0.00 6760.00 62.00 89.00
0.00 6849.00 73.00 89.00
92.00 897.00 8.00 89.00
0.00 6938.00 73.00 89.00
0.00 7027.00 70.00 89.00
58.00 6038.00 34.00 89.00
48.00 6671.00 38.00 89.00
67.00 5856.00 32.00 88.00
0.00 7116.00 43.00 88.00
88.00 1095.00 8.00 88.00
0.00 7204.00 67.00 88.00
0.00 7292.00 93.00 88.00
0.00 7380.00 62.00 88.00
0.00 7468.00 97.00 88.00
98.00 300.00 2.00 88.00
86.00 1587.00 11.00 88.00
72.00 4744.00 28.00 88.00
0.00 7556.00 79.00 88.00
43.00 7116.00 57.00 88.00
0.00 7644.00 70.00 88.00
96.00 1095.00 4.00 88.00
62.00 6760.00 33.00 88.00
0.00 7732.00 100.00 88.00
62.00 7380.00 34.00 87.00
0.00 7820.00 64.00 87.00
0.00 7907.00 100.00 87.00
0.00 7994.00 86.00 87.00
84.00 3329.00 15.00 87.00
0.00 8081.00 40.00 87.00
40.00 8081.00 48.00 87.00
90.00 1293.00 6.00 87.00
0.00 8168.00 80.00 86.00
73.00 6849.00 27.00 86.00
0.00 8254.00 57.00 86.00
98.00 400.00 2.00 86.00
0.00 8340.00 84.00 86.00
64.00 7820.00 34.00 86.00
86.00 1685.00 9.00 86.00
57.00 8254.00 34.00 86.00
84.00 3804.00 13.00 86.00
0.00 8426.00 40.00 86.00
40.00 8426.00 51.00 85.00
89.00 2852.00 11.00 85.00
0.00 8512.00 51.00 85.00
51.00 8512.00 45.00 85.00
75.00 4086.00 20.00 85.00
0.00 8597.00 97.00 85.00
0.00 8682.00 35.00 85.00
96.00 1194.00 4.00 85.00
0.00 8767.00 70.00 85.00
35.00 8682.00 34.00 84.00
74.00 5581.00 25.00 84.00
0.00 8852.00 86.00 84.00
0.00 8936.00 86.00 84.00
0.00 9020.00 68.00 84.00
83.00 4838.00 16.00 84.00
0.00 9104.00 50.00 84.00
0.00 9188.00 90.00 84.00
78.00 5210.00 22.00 84.00
0.00 9272.00 74.00 83.00
0.00 9355.00 51.00 83.00
50.00 9104.00 36.00 83.00
51.00 9355.00 41.00 83.00
0.00 9438.00 54.00 83.00
70.00 7027.00 29.00 83.00
0.00 9521.00 86.00 83.00
0.00 9604.00 55.00 83.00
0.00 9687.00 64.00 83.00
0.00 9770.00 99.00 82.00
90.00 1881.00 6.00 82.00
76.00 5489.00 22.00 82.00
54.00 9438.00 39.00 82.00
0.00 9852.00 96.00 82.00
55.00 9604.00 44.00 82.00
0.00 9934.00 47.00 82.00
91.00 2948.00 6.00 82.00
0.00 10016.00 89.00 82.00
89.00 3234.00 7.00 81.00
94.00 3424.00 6.00 81.00
67.00 7204.00 29.00 81.00
0.00 10098.00 86.00 81.00
0.00 10179.00 84.00 81.00
0.00 10260.00 79.00 81.00
0.00 10341.00 65.00 81.00
84.00 4931.00 12.00 81.00
47.00 9934.00 49.00 81.00
0.00 10422.00 72.00 81.00
64.00 9687.00 36.00 81.00
0.00 10503.00 62.00 80.00
0.00 10583.00 45.00 80.00
89.00 3519.00 11.00 80.00
0.00 10663.00 93.00 80.00
89.00 4650.00 11.00 80.00
0.00 10743.00 84.00 80.00
0.00 10823.00 61.00 80.00
68.00 9020.00 32.00 80.00
45.00 10583.00 47.00 80.00
81.00 5396.00 16.00 80.00
0.00 10903.00 96.00 80.00
80.00 5765.00 17.00 79.00
0.00 10983.00 83.00 79.00
73.00 6938.00 27.00 79.00
0.00 11062.00 51.00 79.00
79.00 6220.00 19.00 79.00
0.00 11141.00 74.00 79.00
79.00 7556.00 15.00 79.00
0.00 11220.00 56.00 79.00
0.00 11299.00 74.00 79.00
86.00 6671.00 14.00 79.00
0.00 11378.00 87.00 78.00
51.00 11062.00 40.00 78.00
0.00 11456.00 76.00 78.00
0.00 11534.00 81.00 78.00
97.00 996.00 3.00 78.00
0.00 11612.00 95.00 78.00
0.00 11690.00 80.00 78.00
0.00 11768.00 92.00 78.00
0.00 11846.00 81.00 78.00
88.00 6129.00 12.00 78.00
70.00 7644.00 13.00 77.00
69.00 8682.00 29.00 77.00
0.00 11924.00 94.00 77.00
61.00 10823.00 39.00 77.00
93.00 3614.00 7.00 77.00
62.00 10503.00 37.00 76.00
83.00 7644.00 15.00 76.00
0.00 12001.00 97.00 76.00
70.00 8767.00 21.00 76.00
0.00 12077.00 99.00 76.00
65.00 10341.00 28.00 76.00
56.00 11220.00 36.00 76.00
0.00 12153.00 59.00 76.00
0.00 12229.00 85.00 75.00
0.00 12304.00 63.00 75.00
0.00 12379.00 95.00 75.00
74.00 9272.00 21.00 75.00
0.00 12454.00 93.00 75.00
96.00 1293.00 4.00 75.00
0.00 12529.00 47.00 75.00
0.00 12604.00 89.00 75.00
0.00 12679.00 65.00 75.00
59.00 12153.00 41.00 74.00
0.00 12754.00 88.00 74.00
98.00 1391.00 2.00 74.00
0.00 12828.00 92.00 74.00
0.00 12902.00 78.00 74.00
0.00 12976.00 94.00 74.00
0.00 13050.00 62.00 74.00
72.00 10422.00 23.00 74.00
63.00 12304.00 33.00 74.00
0.00 13124.00 84.00 74.00
88.00 6402.00 12.00 74.00
47.00 12529.00 43.00 74.00
0.00 13198.00 40.00 74.00
40.00 13198.00 54.00 74.00
0.00 13272.00 49.00 74.00
49.00 13272.00 40.00 73.00
0.00 13346.00 79.00 73.00
0.00 13419.00 48.00 73.00
48.00 13419.00 42.00 73.00
0.00 13492.00 79.00 73.00
0.00 13565.00 44.00 73.00
44.00 13565.00 41.00 73.00
0.00 13638.00 75.00 73.00
74.00 11141.00 24.00 73.00
0.00 13711.00 78.00 73.00
65.00 12679.00 28.00 73.00
0.00 13784.00 61.00 73.00
0.00 13857.00 66.00 73.00
86.00 7994.00 10.00 72.00
62.00 13050.00 33.00 72.00
80.00 8168.00 20.00 72.00
0.00 13930.00 64.00 72.00
0.00 14002.00 75.00 72.00
74.00 11299.00 26.00 72.00
0.00 14074.00 70.00 72.00
88.00 8081.00 12.00 72.00
0.00 14146.00 67.00 72.00
61.00 13784.00 35.00 72.00
0.00 14218.00 100.00 72.00
75.00 13638.00 25.00 72.00
91.00 6582.00 9.00 71.00
84.00 8340.00 15.00 71.00
66.00 13857.00 27.00 71.00
0.00 14290.00 52.00 71.00
92.00 4368.00 6.00 71.00
0.00 14361.00 84.00 71.00
0.00 14432.00 56.00 71.00
0.00 14503.00 60.00 71.00
64.00 13930.00 32.00 71.00
0.00 14574.00 55.00 71.00
70.00 14074.00 27.00 71.00
0.00 14645.00 89.00 71.00
52.00 14290.00 35.00 71.00
0.00 14716.00 87.00 71.00
0.00 14787.00 77.00 71.00
0.00 14858.00 80.00 70.00
0.00 14928.00 51.00 70.00
67.00 14146.00 28.00 70.00
0.00 14998.00 60.00 70.00
0.00 15068.00 64.00 70.00
0.00 15138.00 93.00 70.00
0.00 15208.00 98.00 70.00
56.00 14432.00 32.00 70.00
0.00 15278.00 73.00 69.00
0.00 15347.00 79.00 69.00
0.00 15416.00 81.00 69.00
0.00 15485.00 99.00 69.00
86.00 8852.00 14.00 69.00
95.00 1685.00 5.00 69.00
0.00 15554.00 70.00 69.00
76.00 11456.00 24.00 69.00
60.00 14503.00 32.00 69.00
55.00 14574.00 40.00 69.00
51.00 14928.00 38.00 69.00
0.00 15623.00 76.00 69.00
0.00 15692.00 43.00 69.00
75.00 14002.00 24.00 68.00
60.00 14998.00 26.00 68.00
0.00 15761.00 89.00 68.00
0.00 15829.00 59.00 68.00
43.00 15692.00 54.00 68.00
0.00 15897.00 71.00 68.00
0.00 15965.00 47.00 68.00
47.00 15965.00 47.00 68.00
0.00 16033.00 52.00 67.00
0.00 16100.00 76.00 67.00
64.00 15068.00 33.00 67.00
59.00 15829.00 39.00 67.00
52.00 16033.00 33.00 67.00
0.00 16167.00 34.00 67.00
0.00 16234.00 93.00 67.00
84.00 10179.00 16.00 67.00
86.00 8936.00 11.00 67.00
79.00 10260.00 16.00 67.00
84.00 10743.00 16.00 66.00
0.00 16301.00 71.00 66.00
73.00 15278.00 24.00 66.00
92.00 4556.00 6.00 66.00
34.00 16167.00 42.00 66.00
0.00 16367.00 36.00 66.00
70.00 15554.00 24.00 66.00
0.00 16433.00 72.00 66.00
0.00 16499.00 95.00 66.00
36.00 16367.00 34.00 66.00
81.00 11534.00 18.00 66.00
0.00 16565.00 55.00 66.00
55.00 16565.00 42.00 65.00
0.00 16631.00 67.00 65.00
86.00 9104.00 10.00 65.00
0.00 16696.00 47.00 65.00
47.00 16696.00 39.00 65.00
70.00 16367.00 30.00 65.00
0.00 16761.00 50.00 65.00
0.00 16826.00 67.00 65.00
0.00 16891.00 79.00 65.00
67.00 16631.00 30.00 65.00
50.00 16761.00 48.00 64.00
0.00 16956.00 77.00 64.00
0.00 17020.00 40.00 64.00
0.00 17084.00 93.00 64.00
80.00 11690.00 19.00 64.00
0.00 17148.00 80.00 64.00
40.00 17020.00 47.00 64.00
99.00 798.00 1.00 64.00
0.00 17212.00 82.00 63.00
86.00 9521.00 13.00 63.00
0.00 17275.00 75.00 63.00
0.00 17338.00 63.00 63.00
0.00 17401.00 91.00 63.00
0.00 17464.00 83.00 63.00
0.00 17527.00 43.00 63.00
63.00 17338.00 36.00 63.00
0.00 17590.00 84.00 63.00
43.00 17527.00 46.00 63.00
77.00 14787.00 23.00 63.00
0.00 17653.00 76.00 63.00
0.00 17716.00 52.00 63.00
0.00 17779.00 85.00 62.00
76.00 15623.00 24.00 62.00
92.00 5024.00 6.00 62.00
0.00 17841.00 56.00 62.00
0.00 17903.00 83.00 62.00
0.00 17965.00 58.00 62.00
0.00 18027.00 65.00 62.00
0.00 18089.00 69.00 62.00
0.00 18151.00 88.00 61.00
81.00 11846.00 18.00 61.00
52.00 17716.00 48.00 61.00
0.00 18212.00 55.00 61.00
56.00 17841.00 39.00 61.00
0.00 18273.00 69.00 61.00
71.00 15897.00 25.00 61.00
58.00 17965.00 41.00 61.00
78.00 12902.00 18.00 61.00
0.00 18334.00 54.00 61.00
67.00 16826.00 31.00 60.00
0.00 18395.00 59.00 60.00
65.00 18027.00 30.00 60.00
55.00 18212.00 33.00 60.00
91.00 8254.00 9.00 60.00
0.00 18455.00 71.00 60.00
0.00 18515.00 84.00 60.00
92.00 6038.00 8.00 60.00
0.00 18575.00 74.00 60.00
86.00 10098.00 14.00 59.00
0.00 18635.00 81.00 59.00
0.00 18694.00 66.00 59.00
0.00 18753.00 72.00 59.00
69.00 18089.00 30.00 59.00
94.00 5117.00 6.00 59.00
0.00 18812.00 53.00 58.00
0.00 18870.00 86.00 58.00
69.00 18273.00 30.00 58.00
0.00 18928.00 48.00 57.00
96.00 1881.00 4.00 57.00
0.00 18985.00 69.00 57.00
0.00 19042.00 75.00 57.00
0.00 19099.00 99.00 57.00
53.00 18812.00 47.00 57.00
54.00 18334.00 39.00 57.00
0.00 19156.00 100.00 57.00
48.00 18928.00 47.00 56.00
95.00 2077.00 4.00 56.00
0.00 19213.00 42.00 56.00
79.00 13346.00 20.00 56.00
0.00 19269.00 81.00 56.00
42.00 19213.00 49.00 56.00
59.00 18395.00 41.00 56.00
95.00 3139.00 5.00 56.00
0.00 19325.00 78.00 56.00
0.00 19381.00 84.00 56.00
0.00 19437.00 70.00 56.00
0.00 19493.00 68.00 56.00
0.00 19549.00 70.00 55.00
0.00 19604.00 58.00 55.00
78.00 13711.00 22.00 55.00
93.00 6492.00 7.00 55.00
0.00 19659.00 63.00 55.00
0.00 19714.00 46.00 55.00
71.00 16301.00 28.00 55.00
76.00 16100.00 22.00 55.00
97.00 1587.00 1.00 55.00
0.00 19769.00 65.00 55.00
0.00 19824.00 60.00 54.00
0.00 19878.00 96.00 54.00
98.00 1587.00 1.00 54.00
0.00 19932.00 97.00 54.00
72.00 16433.00 28.00 54.00
66.00 18694.00 31.00 54.00
93.00 7292.00 7.00 54.00
91.00 8426.00 9.00 54.00
0.00 19986.00 97.00 54.00
83.00 10983.00 13.00 54.00
46.00 19714.00 53.00 54.00
0.00 20040.00 90.00 54.00
58.00 19604.00 36.00 53.00
0.00 20094.00 42.00 53.00
42.00 20094.00 56.00 53.00
76.00 16167.00 24.00 53.00
0.00 20147.00 52.00 52.00
0.00 20199.00 78.00 52.00
60.00 19824.00 40.00 52.00
96.00 2756.00 4.00 52.00
0.00 20251.00 51.00 52.00
0.00 20303.00 87.00 52.00
63.00 19659.00 34.00 52.00
90.00 9188.00 10.00 52.00
79.00 13492.00 18.00 51.00
52.00 20147.00 41.00 51.00
0.00 20355.00 75.00 51.00
0.00 20406.00 93.00 51.00
0.00 20457.00 61.00 51.00
0.00 20508.00 53.00 51.00
65.00 19769.00 34.00 51.00
85.00 12229.00 14.00 51.00
89.00 10016.00 10.00 51.00
0.00 20559.00 98.00 50.00
51.00 20251.00 41.00 50.00
71.00 18455.00 26.00 50.00
0.00 20609.00 63.00 50.00
0.00 20659.00 75.00 50.00
0.00 20709.00 70.00 50.00
0.00 20759.00 48.00 50.00
0.00 20809.00 61.00 50.00
0.00 20859.00 96.00 50.00
84.00 13124.00 14.00 50.00
68.00 19493.00 32.00 50.00
53.00 20508.00 45.00 49.00
61.00 20457.00 35.00 49.00
91.00 8767.00 8.00 49.00
95.00 4086.00 5.00 49.00
79.00 15347.00 21.00 49.00
0.00 20909.00 77.00 49.00
75.00 17275.00 24.00 49.00
0.00 20958.00 54.00 49.00
0.00 21007.00 93.00 49.00
0.00 21056.00 84.00 49.00
63.00 20609.00 33.00 48.00
0.00 21105.00 92.00 48.00
48.00 20759.00 40.00 48.00
0.00 21153.00 63.00 48.00
0.00 21201.00 59.00 48.00
96.00 3044.00 4.00 48.00
0.00 21249.00 90.00 48.00
95.00 4180.00 5.00 48.00
79.00 16891.00 21.00 48.00
0.00 21297.00 61.00 48.00
99.00 1587.00 1.00 48.00
80.00 14858.00 18.00 48.00
77.00 16956.00 20.00 47.00
0.00 21345.00 57.00 47.00
98.00 1979.00 2.00 47.00
92.00 9355.00 7.00 47.00
61.00 20809.00 35.00 47.00
0.00 21392.00 92.00 47.00
0.00 21439.00 91.00 47.00
87.00 11378.00 12.00 47.00
0.00 21486.00 50.00 47.00
50.00 21486.00 50.00 47.00
0.00 21533.00 66.00 47.00
76.00 17653.00 22.00 47.00
0.00 21580.00 79.00 47.00
0.00 21627.00 48.00 47.00
91.00 11062.00 9.00 47.00
72.00 18753.00 27.00 46.00
0.00 21674.00 89.00 46.00
54.00 20958.00 42.00 46.00
0.00 21720.00 100.00 46.00
69.00 18985.00 27.00 46.00
84.00 14361.00 16.00 46.00
0.00 21766.00 56.00 46.00
63.00 21153.00 33.00 46.00
0.00 21812.00 96.00 46.00
48.00 21627.00 47.00 45.00
98.00 2174.00 2.00 45.00
0.00 21858.00 100.00 45.00
0.00 21903.00 60.00 45.00
81.00 15416.00 19.00 45.00
59.00 21201.00 40.00 45.00
0.00 21948.00 53.00 45.00
61.00 21297.00 35.00 45.00
0.00 21993.00 98.00 44.00
70.00 19437.00 29.00 44.00
0.00 22037.00 79.00 44.00
0.00 22081.00 75.00 44.00
0.00 22125.00 54.00 44.00
0.00 22169.00 74.00 44.00
80.00 17148.00 16.00 44.00
0.00 22213.00 59.00 44.00
0.00 22257.00 97.00 44.00
0.00 22301.00 91.00 44.00
0.00 22345.00 65.00 44.00
74.00 18575.00 23.00 43.00
0.00 22389.00 68.00 43.00
0.00 22432.00 63.00 43.00
0.00 22475.00 66.00 43.00
0.00 22518.00 73.00 43.00
75.00 19042.00 21.00 43.00
70.00 19549.00 26.00 43.00
57.00 21345.00 41.00 43.00
56.00 21766.00 41.00 43.00
0.00 22561.00 55.00 43.00
0.00 22604.00 62.00 42.00
0.00 22646.00 96.00 42.00
82.00 17212.00 17.00 42.00
0.00 22688.00 78.00 42.00
0.00 22730.00 85.00 42.00
0.00 22772.00 94.00 42.00
97.00 2465.00 3.00 42.00
0.00 22814.00 62.00 42.00
0.00 22856.00 77.00 41.00
92.00 10583.00 8.00 41.00
0.00 22897.00 71.00 41.00
60.00 21903.00 36.00 41.00
0.00 22938.00 77.00 41.00
0.00 22979.00 93.00 41.00
0.00 23020.00 98.00 41.00
0.00 23061.00 80.00 41.00
85.00 13565.00 15.00 41.00
0.00 23102.00 59.00 41.00
0.00 23143.00 97.00 40.00
99.00 1783.00 1.00 40.00
97.00 2562.00 2.00 40.00
0.00 23183.00 83.00 40.00
89.00 12604.00 11.00 40.00
0.00 23223.00 71.00 40.00
53.00 21948.00 40.00 40.00
96.00 3234.00 4.00 40.00
0.00 23263.00 88.00 40.00
0.00 23303.00 71.00 40.00
78.00 19325.00 21.00 39.00
0.00 23343.00 81.00 39.00
0.00 23382.00 64.00 39.00
99.00 2077.00 1.00 39.00
90.00 12529.00 10.00 39.00
0.00 23421.00 78.00 39.00
87.00 14290.00 13.00 39.00
75.00 20355.00 23.00 39.00
0.00 23460.00 65.00 39.00
0.00 23499.00 99.00 39.00
0.00 23538.00 79.00 39.00
0.00 23577.00 67.00 38.00
0.00 23615.00 94.00 38.00
81.00 18635.00 19.00 38.00
0.00 23653.00 69.00 38.00
88.00 12754.00 10.00 38.00
66.00 21533.00 33.00 38.00
0.00 23691.00 68.00 38.00
81.00 19269.00 18.00 38.00
70.00 20709.00 28.00 38.00
0.00 23729.00 51.00 38.00
0.00 23767.00 89.00 38.00
0.00 23805.00 51.00 38.00
54.00 22125.00 30.00 38.00
51.00 23729.00 46.00 38.00
0.00 23843.00 86.00 38.00
59.00 22213.00 38.00 38.00
0.00 23881.00 75.00 37.00
0.00 23918.00 54.00 37.00
55.00 22561.00 38.00 37.00
65.00 22345.00 27.00 37.00
63.00 22432.00 37.00 37.00
0.00 23955.00 74.00 37.00
62.00 22604.00 36.00 37.00
0.00 23992.00 81.00 36.00
68.00 22389.00 27.00 36.00
66.00 22475.00 29.00 36.00
0.00 24028.00 70.00 36.00
0.00 24064.00 93.00 36.00
0.00 24100.00 99.00 36.00
62.00 22814.00 38.00 36.00
0.00 24136.00 90.00 36.00
0.00 24172.00 84.00 36.00
0.00 24208.00 98.00 35.00
0.00 24243.00 75.00 35.00
0.00 24278.00 63.00 35.00
0.00 24313.00 79.00 35.00
59.00 23102.00 38.00 34.00
0.00 24348.00 89.00 34.00
93.00 9438.00 7.00 34.00
64.00 23382.00 35.00 34.00
51.00 23805.00 46.00 34.00
0.00 24382.00 49.00 34.00
54.00 23918.00 45.00 34.00
49.00 24382.00 44.00 34.00
0.00 24416.00 70.00 33.00
0.00 24449.00 39.00 33.00
0.00 24482.00 96.00 33.00
65.00 23460.00 31.00 33.00
0.00 24515.00 100.00 33.00
71.00 22897.00 28.00 33.00
39.00 24449.00 57.00 33.00
0.00 24548.00 99.00 33.00
95.00 4462.00 5.00 33.00
92.00 11220.00 8.00 33.00
0.00 24581.00 75.00 33.00
0.00 24614.00 58.00 32.00
0.00 24646.00 82.00 32.00
89.00 13272.00 9.00 32.00
0.00 24678.00 98.00 32.00
0.00 24710.00 98.00 32.00
63.00 24278.00 36.00 32.00
75.00 20659.00 24.00 32.00
0.00 24742.00 43.00 32.00
0.00 24774.00 81.00 32.00
0.00 24806.00 66.00 32.00
78.00 20199.00 22.00 32.00
43.00 24742.00 48.00 31.00
0.00 24838.00 73.00 31.00
0.00 24869.00 45.00 31.00
45.00 24869.00 50.00 31.00
0.00 24900.00 84.00 31.00
58.00 24614.00 39.00 31.00
0.00 24931.00 72.00 31.00
0.00 24962.00 57.00 31.00
0.00 24993.00 51.00 30.00
51.00 24993.00 44.00 30.00
0.00 25023.00 59.00 30.00
0.00 25053.00 97.00 30.00
66.00 24806.00 34.00 30.00
57.00 24962.00 42.00 30.00
59.00 25023.00 39.00 30.00
0.00 25083.00 87.00 30.00
67.00 23577.00 31.00 30.00
0.00 25113.00 56.00 29.00
56.00 25113.00 40.00 29.00
0.00 25142.00 93.00 29.00
69.00 23653.00 30.00 29.00
68.00 23691.00 31.00 29.00
0.00 25171.00 99.00 29.00
0.00 25200.00 90.00 29.00
0.00 25229.00 83.00 29.00
0.00 25258.00 60.00 29.00
0.00 25287.00 86.00 29.00
77.00 20909.00 18.00 29.00
73.00 22518.00 27.00 29.00
0.00 25316.00 94.00 29.00
0.00 25345.00 58.00 29.00
0.00 25374.00 92.00 28.00
92.00 11768.00 8.00 28.00
0.00 25402.00 52.00 28.00
0.00 25430.00 90.00 28.00
97.00 2948.00 3.00 28.00
0.00 25458.00 63.00 28.00
0.00 25486.00 93.00 28.00
86.00 14998.00 14.00 28.00
97.00 3804.00 3.00 28.00
99.00 2271.00 1.00 28.00
0.00 25514.00 56.00 28.00
0.00 25542.00 96.00 28.00
83.00 17464.00 16.00 28.00
93.00 10341.00 7.00 28.00
70.00 24028.00 30.00 28.00
96.00 4931.00 3.00 27.00
71.00 23223.00 28.00 27.00
0.00 25570.00 58.00 27.00
0.00 25597.00 100.00 27.00
0.00 25624.00 62.00 27.00
90.00 13419.00 9.00 27.00
85.00 16033.00 15.00 27.00
0.00 25651.00 64.00 27.00
97.00 5396.00 3.00 27.00
0.00 25678.00 59.00 27.00
58.00 25345.00 41.00 26.00
0.00 25705.00 92.00 26.00
0.00 25731.00 86.00 26.00
0.00 25757.00 85.00 26.00
60.00 25258.00 35.00 26.00
0.00 25783.00 94.00 26.00
79.00 21580.00 21.00 26.00
0.00 25809.00 58.00 26.00
0.00 25835.00 89.00 26.00
0.00 25861.00 99.00 26.00
71.00 23303.00 28.00 25.00
0.00 25887.00 96.00 25.00
75.00 22081.00 25.00 25.00
88.00 14432.00 12.00 25.00
0.00 25912.00 80.00 25.00
89.00 14645.00 10.00 25.00
0.00 25937.00 78.00 25.00
0.00 25962.00 62.00 25.00
95.00 5947.00 4.00 25.00
0.00 25987.00 62.00 25.00
95.00 6311.00 4.00 24.00
52.00 25402.00 43.00 24.00
63.00 25458.00 32.00 24.00
0.00 26012.00 99.00 24.00
0.00 26036.00 96.00 24.00
74.00 22169.00 25.00 24.00
56.00 25514.00 38.00 24.00
0.00 26060.00 85.00 24.00
58.00 25570.00 41.00 24.00
0.00 26084.00 84.00 24.00
62.00 25624.00 33.00 23.00
79.00 22037.00 18.00 23.00
0.00 26108.00 91.00 23.00
0.00 26131.00 69.00 23.00
78.00 22688.00 19.00 23.00
98.00 2659.00 2.00 23.00
77.00 22856.00 20.00 22.00
70.00 24416.00 28.00 22.00
0.00 26154.00 67.00 22.00
0.00 26176.00 48.00 22.00
0.00 26198.00 72.00 22.00
64.00 25651.00 36.00 22.00
95.00 6760.00 5.00 22.00
97.00 5765.00 3.00 22.00
87.00 14716.00 13.00 22.00
89.00 14928.00 10.00 22.00
86.00 16696.00 13.00 22.00
0.00 26220.00 57.00 21.00
48.00 26176.00 50.00 21.00
0.00 26241.00 91.00 21.00
0.00 26262.00 68.00 21.00
94.00 7556.00 5.00 21.00
59.00 25678.00 34.00 21.00
0.00 26283.00 74.00 21.00
93.00 10663.00 7.00 21.00
0.00 26304.00 100.00 21.00
58.00 25809.00 34.00 21.00
0.00 26325.00 67.00 21.00
62.00 25962.00 31.00 20.00
87.00 17020.00 12.00 20.00
0.00 26346.00 72.00 20.00
77.00 22938.00 22.00 20.00
62.00 25987.00 31.00 20.00
0.00 26366.00 69.00 20.00
69.00 26131.00 30.00 20.00
0.00 26386.00 51.00 20.00
0.00 26406.00 56.00 19.00
0.00 26425.00 86.00 19.00
92.00 12828.00 8.00 19.00
0.00 26444.00 60.00 19.00
0.00 26463.00 84.00 19.00
51.00 26386.00 46.00 19.00
0.00 26482.00 85.00 19.00
0.00 26501.00 50.00 19.00
0.00 26520.00 77.00 19.00
84.00 17590.00 15.00 19.00
75.00 23881.00 23.00 19.00
67.00 26154.00 31.00 19.00
57.00 26220.00 42.00 18.00
56.00 26406.00 34.00 18.00
60.00 26444.00 37.00 18.00
0.00 26539.00 60.00 18.00
0.00 26557.00 51.00 18.00
68.00 26262.00 32.00 18.00
80.00 23061.00 18.00 18.00
83.00 17903.00 17.00 18.00
73.00 24838.00 27.00 17.00
72.00 24931.00 28.00 17.00
0.00 26575.00 97.00 17.00
0.00 26592.00 53.00 17.00
0.00 26609.00 91.00 17.00
50.00 26501.00 36.00 17.00
60.00 26539.00 39.00 17.00
78.00 23421.00 22.00 17.00
0.00 26626.00 91.00 17.00
0.00 26643.00 75.00 17.00
0.00 26660.00 73.00 16.00
0.00 26676.00 76.00 16.00
51.00 26557.00 42.00 16.00
72.00 26198.00 27.00 16.00
0.00 26692.00 64.00 16.00
89.00 15761.00 10.00 16.00
0.00 26708.00 62.00 15.00
0.00 26723.00 58.00 15.00
67.00 26325.00 30.00 15.00
53.00 26592.00 40.00 15.00
0.00 26738.00 83.00 15.00
0.00 26753.00 84.00 15.00
98.00 3709.00 2.00 15.00
79.00 23538.00 21.00 15.00
74.00 23955.00 26.00 15.00
85.00 17779.00 13.00 15.00
98.00 3898.00 2.00 15.00
0.00 26768.00 64.00 15.00
81.00 23343.00 19.00 14.00
58.00 26723.00 40.00 14.00
0.00 26783.00 63.00 14.00
0.00 26797.00 59.00 14.00
0.00 26811.00 72.00 14.00
94.00 11924.00 6.00 14.00
0.00 26825.00 88.00 14.00
0.00 26839.00 83.00 14.00
59.00 26797.00 41.00 14.00
0.00 26853.00 92.00 14.00
0.00 26867.00 39.00 13.00
93.00 12454.00 6.00 13.00
81.00 23992.00 19.00 13.00
0.00 26880.00 79.00 13.00
75.00 24243.00 23.00 13.00
64.00 26692.00 33.00 13.00
0.00 26893.00 85.00 13.00
93.00 12679.00 7.00 13.00
0.00 26906.00 73.00 13.00
0.00 26919.00 62.00 13.00
79.00 24313.00 18.00 13.00
62.00 26708.00 33.00 13.00
0.00 26932.00 70.00 13.00
0.00 26945.00 65.00 12.00
84.00 18515.00 16.00 12.00
72.00 26346.00 27.00 12.00
0.00 26957.00 74.00 12.00
39.00 26867.00 40.00 12.00
0.00 26969.00 60.00 12.00
89.00 17527.00 11.00 12.00
75.00 24581.00 21.00 12.00
74.00 26283.00 26.00 12.00
80.00 25912.00 20.00 12.00
0.00 26981.00 87.00 12.00
0.00 26993.00 47.00 12.00
47.00 26993.00 45.00 12.00
0.00 27005.00 58.00 11.00
0.00 27016.00 50.00 11.00
0.00 27027.00 56.00 11.00
0.00 27038.00 84.00 11.00
83.00 23183.00 17.00 11.00
0.00 27049.00 58.00 11.00
78.00 25937.00 22.00 10.00
96.00 7204.00 3.00 10.00
0.00 27060.00 64.00 10.00
0.00 27070.00 76.00 10.00
0.00 27080.00 61.00 10.00
0.00 27090.00 75.00 10.00
0.00 27100.00 51.00 10.00
0.00 27110.00 95.00 10.00
0.00 27120.00 93.00 10.00
0.00 27130.00 87.00 10.00
69.00 26366.00 27.00 9.00
0.00 27140.00 66.00 9.00
64.00 26768.00 33.00 9.00
0.00 27149.00 58.00 9.00
63.00 26783.00 33.00 9.00
58.00 27005.00 41.00 9.00
96.00 7380.00 3.00 9.00
86.00 18870.00 14.00 9.00
0.00 27158.00 96.00 8.00
50.00 27016.00 41.00 8.00
51.00 27100.00 47.00 8.00
0.00 27166.00 74.00 8.00
0.00 27174.00 53.00 8.00
0.00 27182.00 87.00 8.00
95.00 9272.00 5.00 8.00
84.00 19381.00 13.00 8.00
0.00 27190.00 99.00 8.00
0.00 27198.00 90.00 7.00
0.00 27205.00 93.00 7.00
0.00 27212.00 72.00 7.00
88.00 18151.00 11.00 7.00
0.00 27219.00 68.00 7.00
0.00 27226.00 54.00 7.00
0.00 27233.00 95.00 7.00
0.00 27240.00 58.00 7.00
0.00 27247.00 65.00 7.00
0.00 27254.00 49.00 7.00
62.00 26919.00 29.00 7.00
60.00 26969.00 39.00 7.00
88.00 18212.00 12.00 7.00
95.00 10260.00 5.00 6.00
0.00 27261.00 80.00 6.00
0.00 27267.00 59.00 6.00
0.00 27273.00 65.00 6.00
77.00 26520.00 22.00 6.00
70.00 26932.00 29.00 6.00
56.00 27027.00 37.00 6.00
73.00 26660.00 27.00 6.00
81.00 24774.00 19.00 6.00
0.00 27279.00 100.00 6.00
99.00 2562.00 1.00 5.00
58.00 27049.00 36.00 5.00
53.00 27174.00 47.00 5.00
0.00 27285.00 53.00 5.00
65.00 26945.00 35.00 5.00
0.00 27290.00 63.00 5.00
93.00 13857.00 7.00 5.00
97.00 7468.00 3.00 4.00
0.00 27295.00 89.00 4.00
0.00 27299.00 88.00 4.00
0.00 27303.00 86.00 4.00
0.00 27307.00 69.00 4.00
0.00 27311.00 78.00 4.00
75.00 26643.00 19.00 4.00
64.00 27060.00 30.00 4.00
99.00 3329.00 1.00 3.00
84.00 21056.00 14.00 3.00
84.00 22125.00 14.00 3.00
95.00 10422.00 5.00 3.00
0.00 27315.00 62.00 3.00
0.00 27318.00 53.00 3.00
0.00 27321.00 65.00 3.00
0.00 27324.00 98.00 3.00
72.00 26811.00 28.00 3.00
82.00 24646.00 17.00 3.00
0.00 27327.00 60.00 3.00
85.00 22730.00 15.00 2.00
76.00 26676.00 20.00 2.00
91.00 17401.00 9.00 2.00
0.00 27330.00 66.00 2.00
92.00 14503.00 8.00 2.00
0.00 27332.00 74.00 2.00
61.00 27080.00 28.00 2.00
54.00 27226.00 46.00 2.00
0.00 27334.00 59.00 2.00
73.00 26906.00 22.00 2.00
0.00 27336.00 55.00 2.00
83.00 25229.00 17.00 2.00
87.00 20303.00 13.00 2.00
91.00 19213.00 9.00 2.00
0.00 27338.00 79.00 2.00
0.00 27340.00 64.00 1.00
0.00 27341.00 78.00 1.00
0.00 27342.00 92.00 1.00
88.00 20759.00 11.00 1.00
58.00 27149.00 42.00 1.00
58.00 27240.00 36.00 1.00
0.00 27343.00 59.00 1.00
