200.00
0.00 0.00 6.00 78.00
6.00 0.00 9.00 78.00
15.00 0.00 2.00 78.00
17.00 0.00 27.00 78.00
44.00 0.00 22.00 78.00
66.00 0.00 13.00 78.00
79.00 0.00 6.00 78.00
85.00 0.00 18.00 78.00
103.00 0.00 3.00 78.00
106.00 0.00 1.00 78.00
107.00 0.00 60.00 78.00
167.00 0.00 33.00 78.00
0.00 78.00 6.00 48.00
6.00 78.00 9.00 48.00
15.00 78.00 2.00 48.00
17.00 78.00 27.00 48.00
44.00 78.00 22.00 48.00
66.00 78.00 13.00 48.00
79.00 78.00 6.00 48.00
85.00 78.00 18.00 48.00
103.00 78.00 3.00 48.00
106.00 78.00 1.00 48.00
107.00 78.00 60.00 48.00
167.00 78.00 33.00 48.00
0.00 126.00 6.00 47.00
6.00 126.00 9.00 47.00
15.00 126.00 2.00 47.00
17.00 126.00 27.00 47.00
44.00 126.00 22.00 47.00
66.00 126.00 13.00 47.00
79.00 126.00 6.00 47.00
85.00 126.00 18.00 47.00
103.00 126.00 3.00 47.00
106.00 126.00 1.00 47.00
107.00 126.00 60.00 47.00
167.00 126.00 33.00 47.00
0.00 173.00 6.00 41.00
6.00 173.00 9.00 41.00
15.00 173.00 2.00 41.00
17.00 173.00 27.00 41.00
44.00 173.00 22.00 41.00
66.00 173.00 13.00 41.00
79.00 173.00 6.00 41.00
85.00 173.00 18.00 41.00
103.00 173.00 3.00 41.00
106.00 173.00 1.00 41.00
107.00 173.00 60.00 41.00
167.00 173.00 33.00 41.00
0.00 214.00 6.00 36.00
6.00 214.00 9.00 36.00
15.00 214.00 2.00 36.00
17.00 214.00 27.00 36.00
44.00 214.00 22.00 36.00
66.00 214.00 13.00 36.00
79.00 214.00 6.00 36.00
85.00 214.00 18.00 36.00
103.00 214.00 3.00 36.00
106.00 214.00 1.00 36.00
107.00 214.00 60.00 36.00
167.00 214.00 33.00 36.00
0.00 250.00 6.00 35.00
6.00 250.00 9.00 35.00
15.00 250.00 2.00 35.00
17.00 250.00 27.00 35.00
44.00 250.00 22.00 35.00
66.00 250.00 13.00 35.00
79.00 250.00 6.00 35.00
85.00 250.00 18.00 35.00
103.00 250.00 3.00 35.00
106.00 250.00 1.00 35.00
107.00 250.00 60.00 35.00
167.00 250.00 33.00 35.00
0.00 285.00 6.00 25.00
6.00 285.00 9.00 25.00
15.00 285.00 2.00 25.00
17.00 285.00 27.00 25.00
44.00 285.00 22.00 25.00
66.00 285.00 13.00 25.00
79.00 285.00 6.00 25.00
85.00 285.00 18.00 25.00
103.00 285.00 3.00 25.00
106.00 285.00 1.00 25.00
107.00 285.00 60.00 25.00
167.00 285.00 33.00 25.00
0.00 310.00 6.00 22.00
6.00 310.00 9.00 22.00
15.00 310.00 2.00 22.00
17.00 310.00 27.00 22.00
44.00 310.00 22.00 22.00
66.00 310.00 13.00 22.00
79.00 310.00 6.00 22.00
85.00 310.00 18.00 22.00
103.00 310.00 3.00 22.00
106.00 310.00 1.00 22.00
107.00 310.00 60.00 22.00
167.00 310.00 33.00 22.00
0.00 332.00 6.00 18.00
6.00 332.00 9.00 18.00
15.00 332.00 2.00 18.00
17.00 332.00 27.00 18.00
44.00 332.00 22.00 18.00
66.00 332.00 13.00 18.00
79.00 332.00 6.00 18.00
85.00 332.00 18.00 18.00
103.00 332.00 3.00 18.00
106.00 332.00 1.00 18.00
107.00 332.00 60.00 18.00
167.00 332.00 33.00 18.00
0.00 350.00 6.00 18.00
6.00 350.00 9.00 18.00
15.00 350.00 2.00 18.00
17.00 350.00 27.00 18.00
44.00 350.00 22.00 18.00
66.00 350.00 13.00 18.00
79.00 350.00 6.00 18.00
85.00 350.00 18.00 18.00
103.00 350.00 3.00 18.00
106.00 350.00 1.00 18.00
107.00 350.00 60.00 18.00
167.00 350.00 33.00 18.00
0.00 368.00 6.00 18.00
6.00 368.00 9.00 18.00
15.00 368.00 2.00 18.00
17.00 368.00 27.00 18.00
44.00 368.00 22.00 18.00
66.00 368.00 13.00 18.00
79.00 368.00 6.00 18.00
85.00 368.00 18.00 18.00
103.00 368.00 3.00 18.00
106.00 368.00 1.00 18.00
107.00 368.00 60.00 18.00
167.00 368.00 33.00 18.00
0.00 386.00 6.00 14.00
6.00 386.00 9.00 14.00
15.00 386.00 2.00 14.00
17.00 386.00 27.00 14.00
44.00 386.00 22.00 14.00
66.00 386.00 13.00 14.00
79.00 386.00 6.00 14.00
85.00 386.00 18.00 14.00
103.00 386.00 3.00 14.00
106.00 386.00 1.00 14.00
107.00 386.00 60.00 14.00
167.00 386.00 33.00 14.00
