100.00
0.00 0.00 56.00 100.00
0.00 100.00 58.00 95.00
0.00 195.00 46.00 94.00
56.00 0.00 44.00 93.00
58.00 100.00 25.00 93.00
46.00 195.00 45.00 91.00
0.00 289.00 80.00 90.00
0.00 379.00 51.00 90.00
0.00 469.00 62.00 89.00
0.00 558.00 50.00 88.00
0.00 646.00 80.00 88.00
0.00 734.00 54.00 88.00
0.00 822.00 62.00 87.00
51.00 379.00 29.00 87.00
50.00 558.00 50.00 86.00
62.00 469.00 34.00 86.00
54.00 734.00 37.00 85.00
62.00 822.00 35.00 85.00
0.00 909.00 39.00 85.00
0.00 994.00 75.00 85.00
39.00 909.00 50.00 85.00
0.00 1079.00 49.00 85.00
83.00 100.00 17.00 84.00
49.00 1079.00 43.00 84.00
0.00 1164.00 66.00 84.00
0.00 1248.00 44.00 84.00
44.00 1248.00 52.00 84.00
0.00 1332.00 49.00 84.00
0.00 1416.00 59.00 83.00
49.00 1332.00 51.00 83.00
0.00 1499.00 74.00 82.00
0.00 1581.00 43.00 82.00
0.00 1663.00 73.00 82.00
43.00 1581.00 47.00 81.00
66.00 1164.00 27.00 81.00
0.00 1745.00 58.00 81.00
0.00 1826.00 53.00 81.00
59.00 1416.00 39.00 80.00
0.00 1907.00 63.00 80.00
0.00 1987.00 60.00 80.00
0.00 2067.00 57.00 79.00
58.00 1745.00 35.00 79.00
91.00 195.00 6.00 78.00
0.00 2146.00 62.00 78.00
0.00 2224.00 77.00 78.00
0.00 2302.00 64.00 78.00
53.00 1826.00 41.00 77.00
0.00 2380.00 47.00 77.00
0.00 2457.00 57.00 77.00
0.00 2534.00 84.00 77.00
60.00 1987.00 39.00 77.00
47.00 2380.00 51.00 77.00
0.00 2611.00 59.00 76.00
63.00 1907.00 33.00 76.00
0.00 2687.00 80.00 76.00
0.00 2763.00 44.00 75.00
0.00 2838.00 59.00 75.00
44.00 2763.00 46.00 75.00
0.00 2913.00 44.00 75.00
0.00 2988.00 60.00 75.00
44.00 2913.00 49.00 75.00
0.00 3063.00 53.00 75.00
57.00 2067.00 28.00 74.00
0.00 3138.00 60.00 74.00
0.00 3212.00 48.00 74.00
62.00 2146.00 38.00 74.00
53.00 3063.00 46.00 74.00
64.00 2302.00 31.00 74.00
48.00 3212.00 46.00 74.00
0.00 3286.00 48.00 74.00
48.00 3286.00 51.00 74.00
0.00 3360.00 59.00 73.00
0.00 3433.00 52.00 73.00
80.00 289.00 11.00 73.00
0.00 3506.00 57.00 73.00
0.00 3579.00 67.00 73.00
0.00 3652.00 80.00 73.00
0.00 3725.00 68.00 73.00
0.00 3798.00 61.00 73.00
0.00 3871.00 62.00 73.00
57.00 2457.00 36.00 72.00
0.00 3944.00 74.00 72.00
59.00 2611.00 41.00 72.00
80.00 379.00 20.00 72.00
0.00 4016.00 78.00 72.00
59.00 2838.00 35.00 72.00
52.00 3433.00 44.00 72.00
60.00 2988.00 36.00 72.00
60.00 3138.00 36.00 72.00
59.00 3360.00 34.00 71.00
0.00 4088.00 57.00 71.00
0.00 4159.00 54.00 71.00
0.00 4230.00 70.00 71.00
0.00 4301.00 65.00 71.00
0.00 4372.00 52.00 71.00
57.00 3506.00 38.00 71.00
0.00 4443.00 54.00 71.00
0.00 4514.00 64.00 71.00
0.00 4585.00 70.00 71.00
0.00 4656.00 53.00 70.00
52.00 4372.00 48.00 70.00
61.00 3798.00 37.00 70.00
62.00 3871.00 36.00 70.00
54.00 4159.00 46.00 70.00
53.00 4656.00 47.00 70.00
0.00 4726.00 52.00 70.00
57.00 4088.00 34.00 70.00
0.00 4796.00 49.00 70.00
0.00 4866.00 59.00 70.00
67.00 3579.00 29.00 70.00
54.00 4443.00 38.00 70.00
0.00 4936.00 54.00 69.00
68.00 3725.00 31.00 69.00
52.00 4726.00 44.00 69.00
49.00 4796.00 40.00 69.00
0.00 5005.00 59.00 69.00
0.00 5074.00 67.00 69.00
0.00 5143.00 63.00 69.00
0.00 5212.00 57.00 69.00
75.00 994.00 25.00 69.00
54.00 4936.00 44.00 69.00
59.00 4866.00 37.00 69.00
0.00 5281.00 48.00 69.00
59.00 5005.00 38.00 68.00
0.00 5350.00 64.00 68.00
0.00 5418.00 70.00 68.00
0.00 5486.00 57.00 68.00
0.00 5554.00 58.00 68.00
48.00 5281.00 49.00 68.00
0.00 5622.00 71.00 68.00
74.00 1499.00 21.00 68.00
65.00 4301.00 31.00 68.00
0.00 5690.00 62.00 68.00
64.00 4514.00 34.00 68.00
0.00 5758.00 60.00 68.00
0.00 5826.00 47.00 68.00
57.00 5212.00 42.00 68.00
0.00 5894.00 75.00 67.00
47.00 5826.00 48.00 67.00
0.00 5961.00 45.00 67.00
63.00 5143.00 34.00 67.00
64.00 5350.00 36.00 67.00
57.00 5486.00 38.00 67.00
58.00 5554.00 34.00 67.00
62.00 5690.00 36.00 67.00
0.00 6028.00 63.00 67.00
73.00 1663.00 23.00 67.00
45.00 5961.00 49.00 67.00
60.00 5758.00 38.00 67.00
0.00 6095.00 62.00 66.00
0.00 6161.00 52.00 66.00
0.00 6227.00 65.00 66.00
52.00 6161.00 41.00 66.00
0.00 6293.00 71.00 66.00
0.00 6359.00 52.00 66.00
0.00 6425.00 56.00 66.00
52.00 6359.00 46.00 66.00
56.00 6425.00 43.00 66.00
0.00 6491.00 48.00 66.00
48.00 6491.00 46.00 66.00
0.00 6557.00 58.00 66.00
63.00 6028.00 34.00 66.00
0.00 6623.00 79.00 66.00
62.00 6095.00 38.00 65.00
0.00 6689.00 45.00 65.00
58.00 6557.00 41.00 65.00
45.00 6689.00 55.00 65.00
0.00 6754.00 38.00 65.00
38.00 6754.00 56.00 65.00
0.00 6819.00 42.00 65.00
0.00 6884.00 75.00 65.00
70.00 4230.00 28.00 65.00
77.00 2224.00 23.00 65.00
65.00 6227.00 35.00 65.00
0.00 6949.00 66.00 65.00
0.00 7014.00 75.00 65.00
42.00 6819.00 44.00 65.00
0.00 7079.00 48.00 65.00
80.00 646.00 19.00 65.00
0.00 7144.00 57.00 65.00
0.00 7209.00 58.00 65.00
48.00 7079.00 45.00 65.00
57.00 7144.00 39.00 65.00
0.00 7274.00 49.00 65.00
80.00 2687.00 20.00 65.00
58.00 7209.00 41.00 65.00
49.00 7274.00 47.00 65.00
0.00 7339.00 81.00 65.00
67.00 5074.00 33.00 64.00
0.00 7404.00 51.00 64.00
51.00 7404.00 45.00 64.00
70.00 4585.00 30.00 64.00
0.00 7468.00 66.00 64.00
70.00 5418.00 30.00 64.00
0.00 7532.00 70.00 64.00
0.00 7596.00 64.00 64.00
0.00 7660.00 64.00 64.00
0.00 7724.00 57.00 64.00
0.00 7788.00 59.00 64.00
0.00 7852.00 57.00 64.00
0.00 7916.00 58.00 64.00
57.00 7724.00 39.00 64.00
0.00 7980.00 80.00 63.00
0.00 8043.00 68.00 63.00
0.00 8106.00 78.00 63.00
59.00 7788.00 41.00 63.00
0.00 8169.00 65.00 63.00
0.00 8232.00 71.00 63.00
0.00 8295.00 91.00 63.00
0.00 8358.00 44.00 63.00
44.00 8358.00 54.00 63.00
0.00 8421.00 58.00 63.00
0.00 8484.00 53.00 63.00
53.00 8484.00 47.00 63.00
0.00 8547.00 63.00 63.00
0.00 8610.00 51.00 63.00
0.00 8673.00 68.00 62.00
71.00 5622.00 28.00 62.00
66.00 6949.00 34.00 62.00
57.00 7852.00 42.00 62.00
0.00 8735.00 54.00 62.00
0.00 8797.00 61.00 62.00
0.00 8859.00 71.00 62.00
51.00 8610.00 47.00 62.00
0.00 8921.00 60.00 62.00
0.00 8983.00 57.00 62.00
74.00 3944.00 24.00 62.00
0.00 9045.00 64.00 62.00
58.00 7916.00 40.00 62.00
54.00 8735.00 44.00 62.00
0.00 9107.00 44.00 62.00
66.00 7468.00 32.00 62.00
64.00 7596.00 35.00 62.00
0.00 9169.00 59.00 62.00
44.00 9107.00 53.00 62.00
58.00 8421.00 41.00 62.00
0.00 9231.00 67.00 62.00
71.00 6293.00 27.00 62.00
0.00 9293.00 62.00 62.00
0.00 9355.00 44.00 62.00
44.00 9355.00 48.00 61.00
61.00 8797.00 39.00 61.00
85.00 2067.00 13.00 61.00
0.00 9417.00 54.00 61.00
0.00 9478.00 81.00 61.00
80.00 3652.00 19.00 61.00
0.00 9539.00 77.00 61.00
54.00 9417.00 44.00 61.00
63.00 8547.00 37.00 61.00
0.00 9600.00 45.00 61.00
57.00 8983.00 42.00 61.00
45.00 9600.00 45.00 61.00
60.00 8921.00 37.00 61.00
0.00 9661.00 45.00 61.00
0.00 9722.00 68.00 61.00
0.00 9783.00 66.00 61.00
84.00 2534.00 15.00 61.00
0.00 9844.00 97.00 61.00
70.00 7532.00 28.00 61.00
45.00 9661.00 49.00 61.00
0.00 9905.00 53.00 61.00
0.00 9966.00 52.00 60.00
0.00 10026.00 56.00 60.00
0.00 10086.00 72.00 60.00
59.00 9169.00 39.00 60.00
0.00 10146.00 100.00 60.00
0.00 10206.00 57.00 60.00
64.00 7660.00 33.00 60.00
78.00 4016.00 12.00 60.00
0.00 10266.00 69.00 60.00
0.00 10326.00 62.00 60.00
65.00 8169.00 34.00 60.00
0.00 10386.00 54.00 60.00
68.00 8043.00 29.00 60.00
0.00 10446.00 56.00 60.00
0.00 10506.00 66.00 60.00
75.00 5894.00 17.00 60.00
64.00 9045.00 36.00 60.00
53.00 9905.00 44.00 60.00
0.00 10566.00 54.00 60.00
62.00 9293.00 38.00 59.00
0.00 10626.00 59.00 59.00
52.00 9966.00 41.00 59.00
71.00 8232.00 28.00 59.00
0.00 10685.00 53.00 59.00
68.00 8673.00 31.00 59.00
0.00 10744.00 85.00 59.00
0.00 10803.00 79.00 59.00
0.00 10862.00 48.00 59.00
54.00 10386.00 45.00 59.00
67.00 9231.00 31.00 59.00
0.00 10921.00 64.00 59.00
0.00 10980.00 60.00 59.00
53.00 10685.00 47.00 59.00
56.00 10026.00 42.00 59.00
0.00 11039.00 58.00 59.00
56.00 10446.00 44.00 59.00
48.00 10862.00 52.00 59.00
79.00 6623.00 20.00 59.00
54.00 10566.00 45.00 59.00
0.00 11098.00 87.00 59.00
57.00 10206.00 41.00 59.00
0.00 11157.00 55.00 59.00
71.00 8859.00 29.00 58.00
0.00 11216.00 77.00 58.00
0.00 11274.00 59.00 58.00
0.00 11332.00 55.00 58.00
0.00 11390.00 47.00 58.00
0.00 11448.00 54.00 58.00
47.00 11390.00 52.00 58.00
0.00 11506.00 53.00 58.00
0.00 11564.00 48.00 58.00
0.00 11622.00 83.00 58.00
55.00 11157.00 43.00 58.00
55.00 11332.00 45.00 58.00
0.00 11680.00 68.00 58.00
58.00 11039.00 42.00 58.00
48.00 11564.00 52.00 58.00
0.00 11738.00 59.00 58.00
54.00 11448.00 46.00 58.00
68.00 9722.00 28.00 58.00
0.00 11796.00 56.00 58.00
66.00 9783.00 28.00 57.00
53.00 11506.00 47.00 57.00
59.00 10626.00 41.00 57.00
62.00 10326.00 38.00 57.00
0.00 11854.00 63.00 57.00
0.00 11911.00 45.00 57.00
0.00 11968.00 61.00 57.00
56.00 11796.00 44.00 57.00
69.00 10266.00 29.00 57.00
45.00 11911.00 46.00 57.00
75.00 6884.00 25.00 57.00
0.00 12025.00 59.00 57.00
0.00 12082.00 69.00 57.00
72.00 10086.00 28.00 57.00
0.00 12139.00 56.00 57.00
0.00 12196.00 59.00 57.00
0.00 12253.00 68.00 57.00
66.00 10506.00 30.00 57.00
0.00 12310.00 62.00 57.00
0.00 12367.00 58.00 57.00
0.00 12424.00 63.00 56.00
0.00 12480.00 53.00 56.00
0.00 12536.00 57.00 56.00
53.00 12480.00 45.00 56.00
56.00 12139.00 42.00 56.00
58.00 12367.00 42.00 56.00
64.00 10921.00 30.00 56.00
0.00 12592.00 63.00 56.00
60.00 10980.00 38.00 56.00
0.00 12648.00 67.00 56.00
0.00 12704.00 54.00 56.00
0.00 12760.00 55.00 56.00
0.00 12816.00 54.00 56.00
0.00 12872.00 61.00 56.00
0.00 12928.00 73.00 56.00
0.00 12984.00 65.00 56.00
54.00 12704.00 44.00 56.00
0.00 13040.00 60.00 56.00
59.00 11274.00 38.00 56.00
55.00 12760.00 45.00 55.00
68.00 11680.00 28.00 55.00
0.00 13096.00 50.00 55.00
54.00 12816.00 46.00 55.00
57.00 12536.00 42.00 55.00
59.00 11738.00 41.00 55.00
0.00 13151.00 55.00 55.00
50.00 13096.00 47.00 55.00
91.00 289.00 9.00 55.00
59.00 12025.00 40.00 55.00
63.00 11854.00 35.00 55.00
61.00 11968.00 27.00 55.00
59.00 12196.00 38.00 55.00
62.00 12310.00 38.00 55.00
86.00 6819.00 13.00 55.00
55.00 13151.00 43.00 55.00
0.00 13206.00 60.00 55.00
61.00 12872.00 39.00 55.00
63.00 12424.00 37.00 55.00
0.00 13261.00 75.00 54.00
0.00 13315.00 50.00 54.00
50.00 13315.00 49.00 54.00
60.00 13040.00 38.00 54.00
0.00 13369.00 55.00 54.00
63.00 12592.00 37.00 54.00
0.00 13423.00 73.00 54.00
0.00 13477.00 69.00 54.00
69.00 12082.00 27.00 54.00
97.00 195.00 1.00 54.00
0.00 13531.00 77.00 54.00
68.00 12253.00 26.00 54.00
0.00 13585.00 51.00 54.00
0.00 13639.00 75.00 54.00
0.00 13693.00 56.00 54.00
0.00 13747.00 100.00 54.00
0.00 13801.00 54.00 54.00
0.00 13855.00 57.00 54.00
0.00 13909.00 65.00 54.00
0.00 13963.00 57.00 54.00
65.00 12984.00 35.00 54.00
0.00 14017.00 62.00 53.00
0.00 14070.00 51.00 53.00
0.00 14123.00 67.00 53.00
0.00 14176.00 89.00 53.00
0.00 14229.00 74.00 53.00
55.00 13369.00 42.00 53.00
67.00 12648.00 28.00 53.00
60.00 13206.00 37.00 53.00
0.00 14282.00 72.00 53.00
0.00 14335.00 87.00 53.00
0.00 14388.00 57.00 53.00
51.00 13585.00 34.00 53.00
75.00 7014.00 18.00 53.00
56.00 13693.00 43.00 53.00
51.00 14070.00 47.00 53.00
54.00 13801.00 39.00 53.00
0.00 14441.00 45.00 53.00
45.00 14441.00 48.00 53.00
57.00 13855.00 43.00 53.00
0.00 14494.00 62.00 53.00
57.00 13963.00 41.00 53.00
62.00 14017.00 38.00 53.00
0.00 14547.00 59.00 53.00
57.00 14388.00 39.00 52.00
0.00 14600.00 48.00 52.00
0.00 14652.00 62.00 52.00
48.00 14600.00 51.00 52.00
0.00 14704.00 49.00 52.00
49.00 14704.00 50.00 52.00
0.00 14756.00 46.00 52.00
46.00 14756.00 43.00 52.00
0.00 14808.00 46.00 52.00
0.00 14860.00 79.00 52.00
69.00 13477.00 28.00 52.00
0.00 14912.00 61.00 52.00
46.00 14808.00 50.00 52.00
0.00 14964.00 51.00 52.00
0.00 15016.00 82.00 52.00
81.00 7339.00 19.00 52.00
0.00 15068.00 90.00 52.00
0.00 15120.00 51.00 52.00
65.00 13909.00 33.00 52.00
0.00 15172.00 64.00 52.00
51.00 14964.00 48.00 52.00
0.00 15224.00 51.00 52.00
51.00 15120.00 46.00 52.00
73.00 12928.00 24.00 52.00
0.00 15276.00 74.00 52.00
59.00 14547.00 39.00 52.00
0.00 15328.00 58.00 52.00
0.00 15380.00 57.00 52.00
0.00 15432.00 66.00 52.00
0.00 15484.00 61.00 52.00
0.00 15536.00 61.00 52.00
51.00 15224.00 45.00 52.00
0.00 15588.00 93.00 52.00
58.00 15328.00 40.00 52.00
0.00 15640.00 74.00 52.00
67.00 14123.00 32.00 52.00
89.00 909.00 11.00 51.00
0.00 15692.00 64.00 51.00
73.00 13423.00 27.00 51.00
57.00 15380.00 42.00 51.00
0.00 15743.00 54.00 51.00
0.00 15794.00 62.00 51.00
0.00 15845.00 48.00 51.00
0.00 15896.00 80.00 51.00
98.00 195.00 1.00 51.00
0.00 15947.00 60.00 51.00
54.00 15743.00 41.00 51.00
0.00 15998.00 63.00 51.00
48.00 15845.00 42.00 51.00
0.00 16049.00 57.00 51.00
62.00 14494.00 38.00 51.00
61.00 14912.00 39.00 51.00
0.00 16100.00 67.00 51.00
0.00 16151.00 50.00 51.00
0.00 16202.00 61.00 51.00
50.00 16151.00 49.00 51.00
61.00 15484.00 39.00 51.00
0.00 16253.00 71.00 51.00
0.00 16304.00 48.00 50.00
48.00 16304.00 44.00 50.00
0.00 16354.00 69.00 50.00
0.00 16404.00 57.00 50.00
0.00 16454.00 48.00 50.00
72.00 14282.00 27.00 50.00
91.00 734.00 5.00 50.00
0.00 16504.00 77.00 50.00
48.00 16454.00 49.00 50.00
0.00 16554.00 51.00 50.00
0.00 16604.00 58.00 50.00
0.00 16654.00 60.00 50.00
62.00 14652.00 33.00 50.00
0.00 16704.00 56.00 50.00
61.00 15536.00 39.00 50.00
80.00 7980.00 13.00 50.00
57.00 16049.00 42.00 50.00
51.00 16554.00 46.00 50.00
0.00 16754.00 47.00 50.00
0.00 16804.00 62.00 49.00
64.00 15172.00 32.00 49.00
0.00 16853.00 58.00 49.00
47.00 16754.00 48.00 49.00
0.00 16902.00 64.00 49.00
0.00 16951.00 48.00 49.00
0.00 17000.00 54.00 49.00
0.00 17049.00 58.00 49.00
0.00 17098.00 72.00 49.00
57.00 16404.00 43.00 49.00
0.00 17147.00 63.00 49.00
66.00 15432.00 31.00 49.00
60.00 15947.00 40.00 49.00
0.00 17196.00 63.00 49.00
64.00 15692.00 32.00 48.00
0.00 17245.00 60.00 48.00
58.00 16604.00 41.00 48.00
0.00 17293.00 70.00 48.00
78.00 8106.00 15.00 48.00
56.00 16704.00 44.00 48.00
0.00 17341.00 60.00 48.00
0.00 17389.00 63.00 48.00
62.00 15794.00 31.00 48.00
63.00 15998.00 28.00 48.00
0.00 17437.00 53.00 48.00
0.00 17485.00 62.00 48.00
0.00 17533.00 67.00 48.00
61.00 16202.00 39.00 48.00
75.00 13261.00 24.00 48.00
0.00 17581.00 59.00 48.00
0.00 17629.00 59.00 48.00
0.00 17677.00 66.00 48.00
0.00 17725.00 61.00 48.00
60.00 16654.00 38.00 48.00
62.00 16804.00 38.00 48.00
0.00 17773.00 70.00 48.00
0.00 17821.00 66.00 48.00
48.00 16951.00 51.00 48.00
77.00 9539.00 21.00 48.00
0.00 17869.00 60.00 47.00
54.00 17000.00 45.00 47.00
58.00 16853.00 40.00 47.00
74.00 14229.00 26.00 47.00
0.00 17916.00 69.00 47.00
67.00 16100.00 31.00 47.00
58.00 17049.00 37.00 47.00
0.00 17963.00 60.00 47.00
0.00 18010.00 81.00 47.00
64.00 16902.00 33.00 47.00
53.00 17437.00 46.00 47.00
0.00 18057.00 58.00 47.00
74.00 15276.00 26.00 47.00
0.00 18104.00 60.00 47.00
0.00 18151.00 46.00 47.00
46.00 18151.00 54.00 47.00
0.00 18198.00 59.00 47.00
0.00 18245.00 57.00 47.00
0.00 18292.00 61.00 47.00
63.00 17147.00 32.00 47.00
0.00 18339.00 56.00 47.00
63.00 17196.00 34.00 46.00
60.00 17245.00 37.00 46.00
0.00 18386.00 85.00 46.00
60.00 17341.00 40.00 46.00
59.00 17581.00 41.00 46.00
0.00 18432.00 69.00 46.00
59.00 17629.00 40.00 46.00
0.00 18478.00 58.00 46.00
0.00 18524.00 63.00 46.00
63.00 17389.00 32.00 46.00
0.00 18570.00 55.00 46.00
0.00 18616.00 49.00 46.00
57.00 18245.00 43.00 46.00
62.00 17485.00 33.00 46.00
49.00 18616.00 51.00 46.00
0.00 18662.00 49.00 46.00
58.00 18057.00 42.00 46.00
56.00 18339.00 42.00 46.00
55.00 18570.00 44.00 46.00
0.00 18708.00 73.00 46.00
49.00 18662.00 44.00 46.00
0.00 18754.00 80.00 46.00
0.00 18800.00 49.00 46.00
61.00 17725.00 39.00 46.00
75.00 13639.00 25.00 46.00
81.00 9478.00 17.00 46.00
0.00 18846.00 52.00 46.00
0.00 18892.00 63.00 46.00
49.00 18800.00 47.00 46.00
0.00 18938.00 55.00 46.00
79.00 10803.00 19.00 46.00
71.00 16253.00 29.00 46.00
0.00 18984.00 67.00 45.00
0.00 19029.00 69.00 45.00
60.00 17869.00 40.00 45.00
0.00 19074.00 65.00 45.00
0.00 19119.00 49.00 45.00
0.00 19164.00 63.00 45.00
0.00 19209.00 63.00 45.00
0.00 19254.00 68.00 45.00
49.00 19119.00 49.00 45.00
69.00 16354.00 28.00 45.00
74.00 15640.00 24.00 45.00
52.00 18846.00 48.00 45.00
77.00 11216.00 19.00 45.00
0.00 19299.00 63.00 45.00
67.00 17533.00 32.00 45.00
0.00 19344.00 71.00 45.00
77.00 13531.00 21.00 45.00
66.00 17677.00 32.00 45.00
58.00 18478.00 42.00 45.00
72.00 17098.00 26.00 45.00
0.00 19389.00 62.00 45.00
0.00 19434.00 54.00 45.00
66.00 17821.00 31.00 45.00
55.00 18938.00 44.00 45.00
0.00 19479.00 48.00 44.00
54.00 19434.00 45.00 44.00
0.00 19523.00 53.00 44.00
59.00 18198.00 41.00 44.00
0.00 19567.00 73.00 44.00
77.00 16504.00 23.00 44.00
48.00 19479.00 47.00 44.00
70.00 17293.00 23.00 44.00
0.00 19611.00 72.00 44.00
60.00 17963.00 36.00 44.00
60.00 18104.00 39.00 44.00
61.00 18292.00 37.00 44.00
63.00 18524.00 34.00 44.00
70.00 17773.00 27.00 44.00
0.00 19655.00 56.00 44.00
0.00 19699.00 78.00 44.00
0.00 19743.00 79.00 44.00
0.00 19787.00 50.00 44.00
0.00 19831.00 61.00 44.00
53.00 19523.00 39.00 44.00
0.00 19875.00 82.00 44.00
56.00 19655.00 44.00 44.00
0.00 19919.00 69.00 44.00
0.00 19963.00 74.00 44.00
50.00 19787.00 44.00 44.00
0.00 20007.00 53.00 44.00
0.00 20051.00 67.00 44.00
0.00 20095.00 75.00 44.00
61.00 19831.00 39.00 44.00
0.00 20139.00 57.00 43.00
0.00 20182.00 54.00 43.00
0.00 20225.00 65.00 43.00
63.00 18892.00 34.00 43.00
0.00 20268.00 51.00 43.00
0.00 20311.00 65.00 43.00
51.00 20268.00 48.00 43.00
0.00 20354.00 62.00 43.00
0.00 20397.00 54.00 43.00
0.00 20440.00 55.00 43.00
0.00 20483.00 68.00 43.00
0.00 20526.00 75.00 43.00
69.00 17916.00 22.00 43.00
0.00 20569.00 58.00 43.00
0.00 20612.00 84.00 43.00
69.00 18432.00 22.00 43.00
67.00 18984.00 31.00 43.00
0.00 20655.00 48.00 43.00
0.00 20698.00 67.00 43.00
0.00 20741.00 61.00 43.00
83.00 11622.00 16.00 43.00
0.00 20784.00 55.00 43.00
53.00 20007.00 44.00 43.00
54.00 20182.00 46.00 43.00
0.00 20827.00 76.00 43.00
0.00 20870.00 81.00 43.00
65.00 19074.00 32.00 43.00
57.00 20139.00 39.00 43.00
63.00 19164.00 35.00 43.00
48.00 20655.00 48.00 43.00
62.00 19389.00 38.00 42.00
0.00 20913.00 55.00 42.00
0.00 20955.00 49.00 42.00
90.00 1581.00 9.00 42.00
79.00 14860.00 21.00 42.00
54.00 20397.00 43.00 42.00
0.00 20997.00 58.00 42.00
49.00 20955.00 50.00 42.00
63.00 19209.00 34.00 42.00
55.00 20440.00 44.00 42.00
58.00 20569.00 39.00 42.00
55.00 20784.00 42.00 42.00
63.00 19299.00 34.00 42.00
73.00 18708.00 24.00 42.00
55.00 20913.00 40.00 42.00
0.00 21039.00 45.00 42.00
62.00 20354.00 36.00 42.00
0.00 21081.00 83.00 42.00
45.00 21039.00 50.00 42.00
0.00 21123.00 59.00 42.00
58.00 20997.00 41.00 42.00
0.00 21165.00 50.00 41.00
0.00 21206.00 65.00 41.00
0.00 21247.00 75.00 41.00
0.00 21288.00 51.00 41.00
0.00 21329.00 75.00 41.00
61.00 20741.00 37.00 41.00
0.00 21370.00 54.00 41.00
69.00 19029.00 22.00 41.00
59.00 21123.00 40.00 41.00
68.00 19254.00 21.00 41.00
0.00 21411.00 69.00 41.00
0.00 21452.00 77.00 41.00
0.00 21493.00 65.00 41.00
71.00 19344.00 28.00 41.00
50.00 21165.00 41.00 41.00
0.00 21534.00 92.00 40.00
0.00 21574.00 66.00 40.00
73.00 19567.00 26.00 40.00
0.00 21614.00 59.00 40.00
72.00 19611.00 25.00 40.00
51.00 21288.00 45.00 40.00
0.00 21654.00 54.00 40.00
99.00 195.00 1.00 40.00
54.00 21370.00 46.00 40.00
0.00 21694.00 65.00 40.00
0.00 21734.00 52.00 40.00
0.00 21774.00 78.00 40.00
67.00 20051.00 33.00 40.00
54.00 21654.00 42.00 40.00
65.00 20225.00 35.00 40.00
0.00 21814.00 60.00 40.00
65.00 20311.00 32.00 40.00
52.00 21734.00 45.00 40.00
0.00 21854.00 43.00 40.00
68.00 20483.00 32.00 40.00
43.00 21854.00 57.00 40.00
69.00 19919.00 31.00 40.00
0.00 21894.00 74.00 39.00
0.00 21933.00 83.00 39.00
85.00 10744.00 13.00 39.00
0.00 21972.00 100.00 39.00
0.00 22011.00 69.00 39.00
0.00 22050.00 79.00 39.00
0.00 22089.00 88.00 39.00
67.00 20698.00 28.00 39.00
0.00 22128.00 62.00 39.00
0.00 22167.00 94.00 39.00
0.00 22206.00 66.00 39.00
0.00 22245.00 49.00 39.00
49.00 22245.00 43.00 39.00
59.00 21614.00 38.00 39.00
60.00 21814.00 40.00 39.00
62.00 22128.00 38.00 39.00
0.00 22284.00 52.00 39.00
90.00 2763.00 10.00 39.00
0.00 22323.00 53.00 39.00
0.00 22362.00 72.00 39.00
0.00 22401.00 50.00 39.00
0.00 22440.00 78.00 39.00
52.00 22284.00 37.00 39.00
53.00 22323.00 46.00 39.00
50.00 22401.00 39.00 39.00
82.00 15016.00 17.00 39.00
0.00 22479.00 65.00 38.00
65.00 21206.00 29.00 38.00
0.00 22517.00 72.00 38.00
65.00 21493.00 33.00 38.00
0.00 22555.00 46.00 38.00
46.00 22555.00 42.00 38.00
92.00 1079.00 5.00 38.00
0.00 22593.00 55.00 38.00
0.00 22631.00 49.00 38.00
55.00 22593.00 43.00 38.00
0.00 22669.00 53.00 38.00
0.00 22707.00 63.00 38.00
49.00 22631.00 46.00 38.00
0.00 22745.00 58.00 38.00
53.00 22669.00 40.00 38.00
63.00 22707.00 36.00 38.00
65.00 21694.00 35.00 38.00
89.00 4796.00 11.00 38.00
66.00 21574.00 34.00 37.00
74.00 19963.00 25.00 37.00
69.00 21411.00 27.00 37.00
58.00 22745.00 36.00 37.00
0.00 22783.00 57.00 37.00
0.00 22820.00 65.00 37.00
0.00 22857.00 67.00 37.00
0.00 22894.00 54.00 37.00
54.00 22894.00 46.00 37.00
0.00 22931.00 60.00 37.00
0.00 22968.00 76.00 37.00
57.00 22783.00 37.00 37.00
0.00 23005.00 53.00 37.00
53.00 23005.00 45.00 37.00
0.00 23042.00 59.00 37.00
69.00 22011.00 30.00 36.00
66.00 22206.00 27.00 36.00
0.00 23079.00 54.00 36.00
60.00 22931.00 36.00 36.00
65.00 22479.00 33.00 36.00
0.00 23115.00 61.00 36.00
0.00 23151.00 54.00 36.00
0.00 23187.00 62.00 36.00
0.00 23223.00 74.00 36.00
59.00 23042.00 40.00 36.00
65.00 22820.00 31.00 36.00
0.00 23259.00 62.00 36.00
85.00 13585.00 14.00 36.00
54.00 23079.00 43.00 36.00
74.00 21894.00 26.00 36.00
0.00 23295.00 55.00 36.00
0.00 23331.00 52.00 36.00
0.00 23367.00 64.00 35.00
0.00 23402.00 69.00 35.00
0.00 23437.00 72.00 35.00
0.00 23472.00 49.00 35.00
61.00 23115.00 37.00 35.00
0.00 23507.00 59.00 35.00
54.00 23151.00 43.00 35.00
52.00 23331.00 48.00 35.00
0.00 23542.00 63.00 35.00
62.00 23187.00 37.00 35.00
0.00 23577.00 77.00 34.00
49.00 23472.00 48.00 34.00
80.00 15896.00 16.00 34.00
0.00 23611.00 54.00 34.00
93.00 1164.00 7.00 34.00
0.00 23645.00 50.00 34.00
55.00 23295.00 41.00 34.00
62.00 23259.00 34.00 34.00
0.00 23679.00 76.00 34.00
0.00 23713.00 72.00 34.00
59.00 23507.00 38.00 34.00
0.00 23747.00 80.00 34.00
81.00 18010.00 14.00 33.00
54.00 23611.00 40.00 33.00
0.00 23781.00 55.00 33.00
72.00 22362.00 28.00 33.00
50.00 23645.00 44.00 33.00
0.00 23814.00 62.00 33.00
0.00 23847.00 55.00 33.00
55.00 23781.00 43.00 33.00
80.00 18754.00 20.00 33.00
0.00 23880.00 59.00 33.00
0.00 23913.00 77.00 32.00
63.00 23542.00 37.00 32.00
67.00 22857.00 30.00 32.00
55.00 23847.00 39.00 32.00
0.00 23945.00 60.00 32.00
72.00 22517.00 26.00 32.00
0.00 23977.00 66.00 32.00
0.00 24009.00 55.00 32.00
0.00 24041.00 55.00 32.00
0.00 24073.00 58.00 32.00
64.00 23367.00 29.00 32.00
55.00 24009.00 42.00 32.00
0.00 24105.00 49.00 32.00
62.00 23814.00 38.00 32.00
74.00 23223.00 26.00 31.00
59.00 23880.00 34.00 31.00
0.00 24137.00 60.00 31.00
0.00 24168.00 56.00 31.00
55.00 24041.00 41.00 31.00
49.00 24105.00 50.00 31.00
0.00 24199.00 60.00 31.00
0.00 24230.00 69.00 31.00
69.00 23402.00 31.00 31.00
56.00 24168.00 44.00 31.00
72.00 23437.00 28.00 31.00
0.00 24261.00 55.00 31.00
0.00 24292.00 52.00 31.00
55.00 24261.00 43.00 31.00
0.00 24323.00 49.00 31.00
49.00 24323.00 51.00 31.00
0.00 24354.00 74.00 31.00
0.00 24385.00 52.00 31.00
52.00 24292.00 44.00 31.00
60.00 23945.00 33.00 31.00
66.00 23977.00 32.00 31.00
78.00 19699.00 19.00 30.00
0.00 24416.00 63.00 30.00
0.00 24446.00 71.00 30.00
58.00 24073.00 39.00 30.00
0.00 24476.00 54.00 30.00
0.00 24506.00 49.00 30.00
49.00 24506.00 51.00 30.00
0.00 24536.00 60.00 30.00
79.00 19743.00 20.00 29.00
82.00 19875.00 16.00 29.00
0.00 24566.00 56.00 29.00
95.00 1499.00 5.00 29.00
0.00 24595.00 58.00 29.00
0.00 24624.00 53.00 29.00
75.00 20095.00 16.00 29.00
0.00 24653.00 63.00 29.00
60.00 24137.00 39.00 29.00
0.00 24682.00 66.00 28.00
52.00 24385.00 47.00 28.00
0.00 24710.00 58.00 28.00
60.00 24199.00 34.00 28.00
0.00 24738.00 56.00 28.00
54.00 24476.00 44.00 28.00
69.00 24230.00 31.00 28.00
0.00 24766.00 78.00 28.00
75.00 20526.00 25.00 28.00
0.00 24794.00 69.00 28.00
0.00 24822.00 52.00 28.00
56.00 24566.00 41.00 28.00
60.00 24536.00 38.00 28.00
58.00 24595.00 39.00 27.00
0.00 24850.00 66.00 27.00
63.00 24416.00 37.00 27.00
53.00 24624.00 34.00 27.00
52.00 24822.00 48.00 27.00
0.00 24877.00 73.00 27.00
0.00 24904.00 56.00 27.00
0.00 24931.00 71.00 27.00
56.00 24738.00 43.00 27.00
0.00 24958.00 52.00 26.00
63.00 24653.00 36.00 26.00
0.00 24984.00 61.00 26.00
0.00 25010.00 57.00 26.00
0.00 25036.00 63.00 26.00
72.00 23713.00 26.00 26.00
58.00 24710.00 40.00 26.00
0.00 25062.00 72.00 26.00
76.00 20827.00 23.00 26.00
0.00 25088.00 58.00 26.00
56.00 24904.00 43.00 26.00
66.00 24682.00 34.00 26.00
0.00 25114.00 67.00 26.00
69.00 24794.00 31.00 26.00
87.00 11098.00 13.00 26.00
0.00 25140.00 59.00 26.00
52.00 24958.00 46.00 25.00
0.00 25166.00 46.00 25.00
0.00 25191.00 63.00 25.00
75.00 21247.00 24.00 25.00
0.00 25216.00 73.00 25.00
75.00 21329.00 22.00 24.00
0.00 25241.00 61.00 24.00
57.00 25010.00 42.00 24.00
0.00 25265.00 61.00 23.00
77.00 21452.00 21.00 23.00
46.00 25166.00 44.00 23.00
0.00 25288.00 64.00 23.00
0.00 25311.00 45.00 23.00
0.00 25334.00 67.00 23.00
0.00 25357.00 58.00 22.00
0.00 25379.00 59.00 22.00
0.00 25401.00 57.00 22.00
45.00 25311.00 48.00 22.00
0.00 25423.00 61.00 22.00
66.00 24850.00 33.00 22.00
0.00 25445.00 50.00 21.00
61.00 24984.00 38.00 21.00
74.00 24354.00 26.00 21.00
57.00 25401.00 43.00 21.00
71.00 24446.00 28.00 19.00
63.00 25036.00 33.00 19.00
0.00 25466.00 75.00 19.00
50.00 25445.00 43.00 19.00
0.00 25485.00 44.00 19.00
44.00 25485.00 46.00 19.00
0.00 25504.00 56.00 18.00
0.00 25522.00 51.00 18.00
58.00 25088.00 30.00 18.00
0.00 25540.00 60.00 18.00
59.00 25140.00 36.00 18.00
61.00 25241.00 38.00 18.00
76.00 22968.00 24.00 18.00
0.00 25558.00 72.00 17.00
63.00 25191.00 35.00 17.00
0.00 25575.00 88.00 17.00
58.00 25357.00 42.00 16.00
0.00 25592.00 53.00 16.00
59.00 25379.00 41.00 16.00
61.00 25265.00 35.00 16.00
0.00 25608.00 73.00 16.00
0.00 25624.00 61.00 16.00
0.00 25640.00 51.00 15.00
73.00 24877.00 25.00 15.00
0.00 25655.00 84.00 14.00
51.00 25522.00 47.00 14.00
0.00 25669.00 58.00 14.00
71.00 24931.00 25.00 14.00
0.00 25683.00 53.00 13.00
81.00 20870.00 18.00 12.00
0.00 25696.00 69.00 12.00
90.00 4016.00 10.00 12.00
72.00 25062.00 25.00 11.00
56.00 25504.00 44.00 10.00
0.00 25708.00 60.00 10.00
53.00 25592.00 41.00 10.00
0.00 25718.00 55.00 8.00
51.00 25640.00 42.00 8.00
0.00 25726.00 72.00 8.00
0.00 25734.00 57.00 7.00
78.00 21774.00 18.00 4.00
0.00 25741.00 48.00 4.00
0.00 25745.00 58.00 1.00
61.00 25423.00 38.00 1.00
