200.00
0.00 0.00 28.00 88.00
28.00 0.00 14.00 88.00
42.00 0.00 13.00 88.00
55.00 0.00 94.00 88.00
149.00 0.00 8.00 88.00
157.00 0.00 2.00 88.00
159.00 0.00 16.00 88.00
175.00 0.00 25.00 88.00
0.00 88.00 28.00 70.00
28.00 88.00 14.00 70.00
42.00 88.00 13.00 70.00
55.00 88.00 94.00 70.00
149.00 88.00 8.00 70.00
157.00 88.00 2.00 70.00
159.00 88.00 16.00 70.00
175.00 88.00 25.00 70.00
0.00 158.00 28.00 69.00
28.00 158.00 14.00 69.00
42.00 158.00 13.00 69.00
55.00 158.00 94.00 69.00
149.00 158.00 8.00 69.00
157.00 158.00 2.00 69.00
159.00 158.00 16.00 69.00
175.00 158.00 25.00 69.00
0.00 227.00 28.00 60.00
28.00 227.00 14.00 60.00
42.00 227.00 13.00 60.00
55.00 227.00 94.00 60.00
149.00 227.00 8.00 60.00
157.00 227.00 2.00 60.00
159.00 227.00 16.00 60.00
175.00 227.00 25.00 60.00
0.00 287.00 28.00 40.00
28.00 287.00 14.00 40.00
42.00 287.00 13.00 40.00
55.00 287.00 94.00 40.00
149.00 287.00 8.00 40.00
157.00 287.00 2.00 40.00
159.00 287.00 16.00 40.00
175.00 287.00 25.00 40.00
0.00 327.00 28.00 35.00
28.00 327.00 14.00 35.00
42.00 327.00 13.00 35.00
55.00 327.00 94.00 35.00
149.00 327.00 8.00 35.00
157.00 327.00 2.00 35.00
159.00 327.00 16.00 35.00
175.00 327.00 25.00 35.00
0.00 362.00 28.00 22.00
28.00 362.00 14.00 22.00
42.00 362.00 13.00 22.00
55.00 362.00 94.00 22.00
149.00 362.00 8.00 22.00
157.00 362.00 2.00 22.00
159.00 362.00 16.00 22.00
175.00 362.00 25.00 22.00
0.00 384.00 28.00 16.00
28.00 384.00 14.00 16.00
42.00 384.00 13.00 16.00
55.00 384.00 94.00 16.00
149.00 384.00 8.00 16.00
157.00 384.00 2.00 16.00
159.00 384.00 16.00 16.00
175.00 384.00 25.00 16.00
