100.00
0.00 0.00 65.00 80.00
65.00 0.00 19.00 78.00
0.00 80.00 67.00 72.00
0.00 152.00 58.00 71.00
0.00 223.00 47.00 70.00
47.00 223.00 47.00 70.00
67.00 80.00 20.00 70.00
84.00 0.00 12.00 70.00
0.00 293.00 52.00 70.00
0.00 363.00 51.00 68.00
58.00 152.00 41.00 68.00
0.00 431.00 70.00 66.00
0.00 497.00 77.00 66.00
0.00 563.00 59.00 64.00
0.00 627.00 58.00 63.00
52.00 293.00 26.00 63.00
51.00 363.00 31.00 63.00
0.00 690.00 54.00 62.00
0.00 752.00 61.00 61.00
0.00 813.00 52.00 60.00
59.00 563.00 40.00 60.00
54.00 690.00 43.00 59.00
52.00 813.00 47.00 59.00
70.00 431.00 29.00 59.00
58.00 627.00 40.00 59.00
0.00 873.00 57.00 59.00
0.00 932.00 72.00 58.00
78.00 293.00 16.00 58.00
77.00 497.00 20.00 58.00
57.00 873.00 42.00 58.00
0.00 990.00 54.00 57.00
0.00 1047.00 61.00 55.00
0.00 1102.00 49.00 55.00
49.00 1102.00 51.00 55.00
0.00 1157.00 83.00 54.00
0.00 1211.00 57.00 54.00
87.00 80.00 11.00 54.00
61.00 752.00 38.00 54.00
54.00 990.00 44.00 54.00
61.00 1047.00 31.00 53.00
0.00 1265.00 81.00 53.00
57.00 1211.00 34.00 53.00
0.00 1318.00 41.00 52.00
0.00 1370.00 86.00 52.00
41.00 1318.00 55.00 52.00
0.00 1422.00 48.00 52.00
0.00 1474.00 68.00 52.00
0.00 1526.00 72.00 51.00
48.00 1422.00 30.00 51.00
0.00 1577.00 33.00 50.00
33.00 1577.00 37.00 50.00
0.00 1627.00 63.00 50.00
0.00 1677.00 55.00 49.00
0.00 1726.00 50.00 49.00
68.00 1474.00 29.00 49.00
63.00 1627.00 35.00 47.00
55.00 1677.00 38.00 47.00
50.00 1726.00 46.00 47.00
0.00 1775.00 31.00 47.00
31.00 1775.00 45.00 47.00
72.00 932.00 22.00 46.00
82.00 363.00 14.00 46.00
96.00 0.00 3.00 45.00
0.00 1822.00 60.00 44.00
0.00 1866.00 59.00 44.00
0.00 1910.00 61.00 44.00
0.00 1954.00 59.00 43.00
0.00 1997.00 64.00 43.00
0.00 2040.00 67.00 43.00
0.00 2083.00 79.00 42.00
0.00 2125.00 51.00 42.00
0.00 2167.00 53.00 41.00
51.00 2125.00 47.00 40.00
60.00 1822.00 38.00 40.00
0.00 2208.00 48.00 39.00
59.00 1866.00 37.00 38.00
0.00 2247.00 58.00 37.00
61.00 1910.00 38.00 35.00
59.00 1954.00 37.00 35.00
53.00 2167.00 40.00 34.00
64.00 1997.00 35.00 34.00
0.00 2284.00 85.00 34.00
0.00 2318.00 60.00 33.00
0.00 2351.00 64.00 32.00
48.00 2208.00 44.00 32.00
0.00 2383.00 65.00 31.00
78.00 1422.00 22.00 30.00
0.00 2414.00 52.00 30.00
67.00 2040.00 33.00 30.00
0.00 2444.00 59.00 29.00
52.00 2414.00 44.00 28.00
70.00 1577.00 29.00 27.00
58.00 2247.00 31.00 25.00
0.00 2473.00 47.00 23.00
0.00 2496.00 54.00 22.00
60.00 2318.00 38.00 22.00
0.00 2518.00 75.00 17.00
47.00 2473.00 47.00 17.00
54.00 2496.00 42.00 15.00
72.00 1526.00 26.00 13.00
