100.00
0.00 0.00 43.00 99.00
43.00 0.00 41.00 98.00
0.00 99.00 45.00 97.00
84.00 0.00 15.00 96.00
45.00 99.00 35.00 94.00
0.00 196.00 31.00 92.00
80.00 99.00 2.00 92.00
82.00 99.00 16.00 91.00
31.00 196.00 39.00 91.00
0.00 288.00 74.00 90.00
0.00 378.00 38.00 90.00
0.00 468.00 88.00 89.00
70.00 196.00 13.00 89.00
38.00 378.00 60.00 88.00
0.00 557.00 89.00 88.00
0.00 645.00 54.00 86.00
0.00 731.00 84.00 85.00
83.00 196.00 8.00 85.00
54.00 645.00 36.00 82.00
74.00 288.00 14.00 82.00
0.00 816.00 21.00 82.00
0.00 898.00 91.00 82.00
21.00 816.00 59.00 82.00
0.00 980.00 98.00 79.00
0.00 1059.00 47.00 78.00
0.00 1137.00 72.00 78.00
0.00 1215.00 79.00 76.00
47.00 1059.00 50.00 73.00
0.00 1291.00 66.00 73.00
84.00 731.00 16.00 73.00
0.00 1364.00 58.00 71.00
0.00 1435.00 55.00 71.00
58.00 1364.00 35.00 69.00
0.00 1506.00 98.00 69.00
0.00 1575.00 53.00 68.00
91.00 196.00 9.00 68.00
55.00 1435.00 43.00 66.00
80.00 816.00 20.00 66.00
72.00 1137.00 27.00 66.00
0.00 1643.00 78.00 65.00
0.00 1708.00 87.00 65.00
66.00 1291.00 30.00 63.00
53.00 1575.00 37.00 60.00
0.00 1773.00 34.00 60.00
0.00 1833.00 99.00 59.00
0.00 1892.00 90.00 59.00
0.00 1951.00 99.00 58.00
88.00 288.00 8.00 57.00
34.00 1773.00 27.00 55.00
0.00 2009.00 62.00 55.00
79.00 1215.00 17.00 55.00
0.00 2064.00 68.00 55.00
96.00 288.00 4.00 51.00
61.00 1773.00 31.00 49.00
0.00 2119.00 64.00 49.00
62.00 2009.00 29.00 47.00
88.00 468.00 12.00 46.00
78.00 1643.00 21.00 44.00
0.00 2168.00 87.00 44.00
0.00 2212.00 53.00 44.00
87.00 1708.00 12.00 42.00
0.00 2256.00 74.00 42.00
68.00 2064.00 20.00 41.00
0.00 2298.00 80.00 38.00
89.00 557.00 11.00 38.00
64.00 2119.00 20.00 37.00
53.00 2212.00 20.00 33.00
0.00 2336.00 89.00 33.00
0.00 2369.00 34.00 32.00
0.00 2401.00 99.00 32.00
34.00 2369.00 50.00 31.00
90.00 645.00 4.00 30.00
0.00 2433.00 91.00 30.00
0.00 2463.00 33.00 30.00
84.00 2119.00 16.00 30.00
33.00 2463.00 64.00 29.00
0.00 2493.00 42.00 29.00
0.00 2522.00 88.00 28.00
42.00 2493.00 33.00 28.00
0.00 2550.00 58.00 28.00
91.00 898.00 8.00 28.00
58.00 2550.00 33.00 27.00
0.00 2578.00 95.00 21.00
0.00 2599.00 98.00 19.00
0.00 2618.00 80.00 19.00
0.00 2637.00 48.00 17.00
0.00 2654.00 70.00 15.00
48.00 2637.00 49.00 13.00
0.00 2669.00 33.00 13.00
33.00 2669.00 64.00 12.00
94.00 645.00 3.00 12.00
99.00 0.00 1.00 11.00
0.00 2682.00 44.00 11.00
90.00 1575.00 10.00 10.00
0.00 2693.00 60.00 8.00
44.00 2682.00 42.00 6.00
0.00 2701.00 93.00 4.00
73.00 2212.00 17.00 3.00
88.00 2064.00 12.00 2.00
0.00 2705.00 50.00 1.00
