100 200
38 64
60 44
34 67
53 62
28 42
30 55
65 62
71 39
72 52
50 83
38 59
58 65
46 38
51 61
22 43
62 34
51 30
50 40
58 48
52 68
57 25
32 66
15 36
58 89
53 55
48 54
43 30
45 58
77 31
49 65
56 68
31 65
47 23
46 47
62 29
49 47
49 33
28 58
50 81
60 53
35 37
52 63
23 47
48 63
65 58
52 61
30 38
48 42
52 31
55 32
43 51
20 38
56 34
49 74
71 51
46 36
71 15
35 22
71 48
43 58
60 42
93 21
51 15
33 54
54 35
53 30
46 38
45 24
46 65
40 35
42 65
47 28
56 52
44 55
60 62
30 71
60 45
30 27
39 37
75 51
32 27
54 87
75 64
27 45
45 65
48 49
70 57
46 21
34 50
36 44
6 48
53 38
57 33
52 51
33 40
40 70
60 36
42 32
39 41
54 35
27 55
43 43
37 67
53 47
48 76
38 48
54 63
51 47
34 58
63 62
52 37
53 66
49 45
84 21
75 67
37 36
74 56
71 46
67 20
54 78
56 45
98 31
16 36
57 43
49 36
44 41
43 67
63 63
68 56
65 40
53 56
65 55
66 62
41 59
36 53
38 54
33 59
57 20
84 51
43 51
72 20
69 51
65 58
29 78
14 20
33 44
33 47
44 26
17 60
30 42
64 59
50 54
63 48
66 49
27 42
66 49
38 50
48 47
66 41
57 1
57 44
26 1
42 32
60 42
45 45
49 54
50 13
48 59
45 25
43 49
51 68
69 43
57 55
47 42
47 47
56 43
26 70
43 60
19 43
31 55
43 28
66 53
63 51
41 39
48 60
69 24
25 45
52 49
64 41
54 57
18 60
62 26
35 61
30 21
36 66
83 33
44 94
77 85
70 41
58 53
