100 200
52.0556 39.5571
65.8049 60.7352
52.6928 40.9488
57.2184 57.4384
49.5251 45.2923
27.4432 44.6209
44.6049 65.7229
64.7702 54.3496
39.6724 37.3147
51.7734 67.6508
61.2472 57.8837
5.57197 59.5848
76.2465 14.0375
48.2408 45.777
52.4606 51.4408
36.8732 24.7084
57.2076 32.3109
65.3381 59.627
47.2979 32.5158
14.8769 68.6595
60.0553 49.7365
6.77362 44.5194
57.4893 37.902
44.7021 42.7886
38.299 18.4389
40.6816 57.4336
57.711 33.4612
50.8971 45.9889
60.2335 54.5092
36.1212 35.8636
23.9227 26.669
64.6906 29.8029
46.4212 23.4725
31.4655 47.9592
64.4225 71.5351
47.1622 45.1841
63.5039 66.3549
71.5149 69.9689
66.9437 58.8427
50.925 61.1218
48.3526 66.0603
50.3592 42.0181
73.7206 69.3064
41.4696 11.8569
42.9992 47.4557
41.9658 55.0972
44.0737 47.0047
51.8033 39.3482
48.3904 80.4298
26.5748 44.6365
40.8257 57.5022
17.2245 51.0858
57.1896 52.9559
38.7326 76.5788
90.376 57.3012
66.5914 72.0977
53.9553 71.1001
35.8834 66.9582
28.1714 46.6056
30.3892 46.0257
21.1424 64.1268
61.0899 53.1056
80.2174 64.0655
26.5893 25.1056
67.0502 52.5843
69.2696 57.7231
47.1913 62.6053
35.9387 77.5652
50.794 50.1531
74.6766 64.2899
54.0227 62.7995
17.4648 48.6893
33.2317 66.6704
15.9732 71.1052
78.6185 39.9782
69.5901 65.8424
49.7916 48.0911
50.3945 40.2634
44.7391 75.298
72.9953 46.1085
34.5486 58.4632
74.9024 49.3497
55.3566 55.7037
69.719 47.2425
67.043 33.1502
71.0629 34.4431
62.8877 48.9248
28.0113 38.7576
71.8968 3.64602
47.0094 52.2879
13.9671 54.6508
69.3394 67.7204
35.3054 63.2823
40.4789 40.7167
58.7543 52.5803
59.2598 43.8487
44.6542 41.3962
77.846 89.4085
37.9392 40.0033
63.1229 40.1047
60.7374 41.8973
33.1011 32.1874
54.047 44.1177
58.5879 61.6403
46.3086 37.0416
44.7822 71.4903
38.8526 79.7623
74.404 79.0805
30.5133 64.1719
62.1865 27.615
61.2631 46.0736
52.9588 66.2914
38.0785 27.5599
47.9098 77.3177
65.337 57.4705
41.4258 42.25
72.8309 43.625
16.4748 75.1731
47.1372 48.1895
41.5216 33.6746
48.5277 38.8526
38.37 60.7984
75.9451 45.7035
12.0558 54.9836
54.3115 62.8944
32.4831 56.9213
58.3054 26.581
49.649 38.6092
59.0363 33.2385
31.3927 45.9309
43.4658 54.8609
71.0051 50.1427
24.1056 67.6821
76.9399 49.8394
52.7626 19.1916
42.3317 65.5797
41.8469 49.5481
15.0582 55.2675
72.1739 99.0829
26.8887 63.7826
41.4855 49.2665
75.2382 48.3999
67.2488 70.79
46.1517 56.4071
53.6044 43.6836
71.4749 41.916
67.485 34.9098
36.5419 85.4833
58.4161 20.7513
59.7016 41.8947
46.3453 28.4069
28.2022 6.99568
45.11 47.2409
30.6746 39.1298
43.4805 75.5329
18.1249 29.8921
67.6749 53.7217
67.9526 65.3594
25.5756 39.3671
66.3347 66.6926
79.7682 83.106
58.9158 52.7461
40.224 77.0622
51.2767 43.5981
50.5733 42.1326
55.0324 16.8139
23.8426 41.1652
33.0784 60.7632
71.2775 38.9166
74.9477 58.1392
26.7473 43.0252
53.0772 47.1329
44.6535 54.2483
65.3855 38.4199
50.9528 50.3937
55.285 12.9921
56.0173 58.581
24.829 75.1874
45.2207 50.4079
49.9514 42.0807
52.1496 44.3045
42.8235 48.8113
40.3064 23.7397
11.6117 69.7596
59.7449 60.8795
69.5939 90.5527
33.0937 68.362
32.8268 26.8964
55.9958 78.659
37.6021 52.4157
47.2573 59.8274
77.7733 60.7448
35.2538 60.8312
25.1267 75.8829
55.6041 53.0795
42.479 72.6053
72.3041 58.9086
70.5962 60.8787
60.358 50.2067
37.8394 65.6992
