100 200
54 28
16 88
34 90
93 29
78 10
22 35
93 60
72 33
30 42
96 45
88 84
86 30
18 31
91 87
25 15
40 47
31 45
82 51
57 90
50 80
44 20
81 82
12 13
97 81
81 93
36 37
44 24
96 80
68 80
43 22
19 86
27 61
75 95
9 53
32 75
9 74
79 89
42 12
11 21
55 69
44 58
49 41
65 97
74 36
36 17
100 5
33 30
60 59
44 39
65 78
59 94
13 10
5 67
18 18
6 49
37 55
91 3
46 59
99 9
46 49
40 33
50 82
80 37
72 84
74 15
16 44
54 61
51 83
21 15
95 5
18 65
30 65
44 44
76 65
34 3
21 85
59 98
12 2
94 45
6 90
41 19
88 48
86 9
80 71
73 84
31 49
7 95
40 31
50 31
69 48
42 99
11 17
52 29
90 35
89 11
46 17
24 71
5 88
41 75
86 20
92 51
77 6
50 2
49 71
28 55
49 7
23 3
4 88
54 25
4 4
6 94
13 77
42 51
95 10
60 24
30 52
87 50
93 88
61 68
47 42
44 59
51 14
66 94
98 22
63 66
58 16
59 38
96 25
94 46
82 74
43 37
28 28
49 19
38 38
93 29
71 90
63 21
38 89
98 1
2 6
7 41
1 35
3 77
38 56
94 92
55 59
89 81
18 13
8 25
24 88
35 34
65 59
51 87
10 47
62 84
96 64
87 82
24 21
30 11
8 93
11 99
61 98
79 78
52 73
26 98
13 94
80 45
99 94
91 94
98 97
36 98
4 80
89 25
92 62
50 9
12 84
92 76
43 68
72 74
32 71
99 69
80 43
99 50
68 86
93 12
57 86
42 36
99 85
76 78
96 59
100 14
86 93
30 90
23 3
66 62
35 82
55 92
52 23
87 43
20 32
