100 200
84.4316 4.88789
65.4233 56.2178
67.6487 90.0763
64.5464 85.702
95.0193 53.7262
99.4665 27.0111
15.804 29.2048
96.6922 90.6168
60.1112 66.686
81.4208 76.2612
62.9561 93.6373
57.095 73.1475
55.083 82.9047
96.5611 63.7113
65.4748 37.5118
5.39765 21.9334
43.9852 20.5279
50.0647 5.22847
34.1935 78.3785
39.8587 65.7367
37.4983 73.3929
22.7988 34.2923
74.7495 52.9055
15.9134 41.5064
45.5959 58.7249
11.8122 70.6583
47.906 98.0121
28.7087 59.3698
37.6038 67.5016
18.2997 60.7515
77.4812 48.0878
51.8436 17.6422
1.93509 34.1243
35.9 31.5587
83.8859 54.2368
22.4761 57.6839
85.086 1.55089
55.2796 19.8643
96.8081 71.1696
77.2605 7.01041
41.1907 88.6573
97.7182 65.9354
64.0057 12.4858
76.1725 41.829
11.2737 2.21705
75.5446 6.91928
87.8932 7.92852
49.6307 57.038
40.9063 46.0058
11.534 60.4751
45.464 9.18789
32.0132 39.7258
35.2257 54.1495
13.7178 87.4486
17.0497 97.9859
67.8126 35.7752
22.6982 81.1325
78.8014 43.0122
46.1311 10.0619
11.9871 29.1501
29.3503 64.354
72.2817 50.6906
61.1909 48.7135
82.033 84.2254
51.9839 73.4973
18.4142 14.5887
73.6556 76.4125
66.014 50.9927
29.408 76.4256
99.0991 75.3865
77.667 88.7856
45.4654 14.8432
63.4572 42.9429
50.4691 69.24
17.057 82.2647
34.3841 66.3271
61.9716 64.4995
17.8391 93.195
6.95564 92.0052
31.6684 38.607
44.8305 72.654
41.1084 20.8508
73.1519 45.7241
57.0273 18.1446
2.45128 43.1958
69.0977 97.8607
74.1298 27.1262
13.5684 50.5424
46.6518 1.12741
83.6451 79.8817
77.424 7.49174
18.8068 63.0967
87.8983 2.11281
79.3373 83.986
91.2184 78.7189
93.2618 45.9119
14.9463 51.3876
11.9616 77.7688
30.433 31.3063
56.9011 22.7152
14.3433 22.6481
90.0357 92.0918
76.5545 88.7548
47.8558 6.16835
17.0021 49.9001
37.1896 6.35165
25.9198 20.7638
27.8726 37.2951
70.7911 84.7237
32.5696 99.9003
84.5562 49.4575
86.6117 90.3845
96.0938 60.8898
68.2432 44.2393
23.6417 67.4131
43.4557 91.2581
80.3268 66.0941
15.0373 4.54337
21.9922 37.3293
29.4297 70.6976
27.1472 38.6032
5.8492 84.4206
79.0589 74.1231
4.40762 73.567
70.1875 84.3317
76.3536 92.4518
34.1033 17.9736
63.0328 61.2272
70.423 26.9642
44.5214 93.4878
53.6383 43.2283
91.6004 43.6311
18.4128 82.2197
81.3342 64.7647
28.0912 80.4302
9.47814 24.5888
63.478 8.66262
48.3953 48.9645
16.2805 61.174
45.1048 82.7145
10.4963 57.5318
4.44863 76.1578
41.4334 28.2417
89.0108 52.7795
53.4496 29.8222
19.5337 29.4703
8.24024 38.7156
89.338 4.93693
13.4941 49.8827
65.7644 71.6702
27.1656 97.6442
56.1302 93.1116
56.6327 11.7925
39.1937 79.5485
32.0974 16.965
27.2251 1.22358
62.894 19.6726
64.2423 91.2551
34.604 57.8491
51.5968 13.4761
45.3354 31.6928
47.8063 6.27919
92.4855 59.596
93.3559 58.3305
5.35232 39.3112
33.184 47.7493
55.3171 52.1065
40.9119 78.2462
69.3678 78.0988
37.222 39.1737
65.9889 6.7231
7.50215 17.8242
28.5578 25.3485
24.7157 82.4793
33.9569 62.7781
1.86081 71.4835
55.3673 58.2531
53.983 27.9324
98.6649 74.0739
38.5002 29.2667
90.4249 68.1321
16.3455 22.2489
72.0351 91.6921
43.0403 40.7513
43.0278 77.6131
35.9995 28.5273
41.8755 46.2708
2.9895 13.2645
76.8433 57.0119
21.1169 30.0147
7.02562 17.0349
87.4037 22.4462
7.87468 40.5296
12.6498 92.531
96.5518 45.2967
69.6357 58.2976
32.4598 98.2509
29.7839 85.2287
21.7582 32.1076
42.3864 81.3954
