50 1000
36.3512 18.0185
15.619 33.3386
33.1897 11.9443
47.5904 31.744
37.1303 10.8202
18.7193 9.99281
20.9302 1.36145
48.7324 1.26814
33.3956 31.1051
32.1512 45.9532
15.1734 9.32401
1.07585 12.6817
4.73996 9.16165
24.7505 45.3669
4.90015 12.2439
25.5966 4.23675
49.8303 29.9468
29.5463 7.29984
19.3936 7.86367
35.5881 10.4098
12.6053 38.3056
3.50795 19.1898
29.2211 40.0178
24.8646 35.3241
39.6815 39.4393
1.9293 24.9028
49.1123 46.1594
6.73751 4.61695
25.413 10.376
37.0586 33.6613
8.08171 40.3873
3.72339 7.16432
21.7118 25.829
1.42863 25.5844
43.2989 10.5898
35.3822 25.5234
27.573 9.07937
14.2556 34.3283
22.37 6.04732
23.7836 26.4269
15.7879 49.0838
16.1263 46.66
30.2773 29.383
1.77354 36.6604
39.5707 1.37097
39.4352 20.3355
22.4717 14.7419
6.96486 14.2224
16.764 5.55453
37.8803 26.3594
30.7761 49.7661
46.4713 35.7969
4.66174 42.7774
44.0732 28.2686
2.44421 22.2022
33.8197 20.5083
48.1919 25.9272
27.1308 46.9102
5.89705 19.6902
6.52033 25.517
36.43 14.5505
27.0066 5.79713
33.1907 25.7007
46.2869 8.81104
3.91447 44.8363
14.3707 22.2634
30.017 11.203
44.0155 9.06268
7.46841 18.6271
42.3108 27.4129
13.8623 4.46339
14.3826 5.71995
5.4285 10.86
43.5843 39.1234
43.5744 32.227
40.6343 27.8407
26.1424 34.4141
2.85195 46.0614
43.7898 28.7356
21.7393 2.0033
49.4212 43.7591
41.2138 16.2831
3.10298 39.4538
4.34278 38.9443
34.4329 24.4282
6.89409 44.4165
24.6572 30.5022
26.3531 49.4552
49.665 37.2714
44.721 10.2535
30.0277 47.3792
15.288 43.6339
24.2193 48.1126
37.296 5.43524
43.2961 23.6099
42.8707 43.2476
1.16322 49.7329
37.0634 42.9675
7.15203 37.7455
43.7397 32.8552
48.3165 1.08017
29.6778 45.9697
30.4734 27.4491
39.479 7.45705
1.66018 6.87607
32.5127 30.0736
23.8165 14.2009
8.86147 36.1754
28.2712 8.34324
9.91168 10.1782
16.9857 41.5904
30.5646 40.5843
13.2869 22.4333
30.1387 8.26193
26.0296 35.1849
14.3876 6.13815
14.2618 34.6517
28.5334 6.57551
15.9776 29.2896
40.511 44.9187
46.6517 2.09579
41.4176 45.5777
23.5084 41.9592
24.6607 33.7768
28.141 11.2009
31.7526 41.7384
47.5575 42.5031
25.1314 33.7072
40.1006 6.00898
43.3798 16.6538
49.5737 34.772
24.4363 44.6462
11.6948 2.5775
35.6117 6.35347
33.4043 28.3319
10.9953 20.879
30.9254 20.8662
21.2579 43.2573
26.2501 26.2906
20.7301 45.5843
49.2287 23.1157
25.7601 20.2892
35.2526 34.8848
4.47091 42.6629
10.5363 12.2835
2.50864 24.909
25.6192 27.227
31.6565 18.0249
29.5667 32.5034
29.0534 9.63661
27.894 29.8548
22.73 41.3611
38.5569 16.7603
44.063 6.88256
22.2817 12.8396
47.5055 8.48681
45.0996 47.9842
21.0659 39.8113
7.84188 41.3091
8.66659 49.0718
26.7842 11.9196
18.811 27.532
5.42305 11.9542
48.0684 10.892
3.81042 31.3819
35.5913 34.5704
29.4046 12.1065
9.2553 39.1937
39.3544 18.3927
1.4385 15.5322
33.8671 35.6805
39.5346 14.1315
20.2914 41.0427
49.7914 26.3164
38.0111 2.59148
3.34213 5.30133
5.91969 17.4849
21.9878 20.6662
25.2772 17.57
25.9981 47.02
32.3812 26.9459
26.1736 40.5028
46.555 1.2333
14.1835 30.9632
45.7741 18.9421
49.4271 1.27753
10.7441 43.3793
15.6194 47.41
39.0602 49.1096
27.5387 45.8019
10.8846 14.0463
42.686 5.82747
30.1327 24.7627
11.8528 26.7744
3.58674 25.4641
21.6895 7.46179
43.9694 45.6573
14.291 7.84423
29.3782 26.0769
12.4848 27.2779
49.014 40.9135
28.4523 30.8183
36.0115 42.8571
22.9804 17.2223
45.5299 39.9994
25.4769 39.2765
26.0985 29.5758
31.6749 24.5725
32.702 13.7068
23.7123 36.1539
23.9139 18.8914
13.7492 8.90055
32.021 1.1804
26.5173 10.6578
39.767 10.6111
30.1981 11.8454
27.5093 18.3832
36.3618 10.7359
14.409 3.2309
45.895 15.9671
8.20723 1.57909
47.5676 47.3266
22.6936 8.92242
26.7864 36.8447
1.12808 21.4111
45.8037 31.6335
11.4606 40.7002
31.1337 44.5556
2.39605 40.1318
27.265 15.7473
4.22553 48.3006
45.2686 41.8904
42.2471 26.5872
48.654 47.6601
44.9331 41.3668
48.5285 46.4349
49.6594 9.11582
39.7645 2.41504
44.357 7.22884
6.67594 32.0623
39.1871 14.364
24.0885 21.9321
10.1634 47.3284
48.946 30.1885
34.2394 42.1929
28.3871 6.78058
29.5096 29.6927
36.7394 30.4181
46.3792 39.1019
24.5419 45.4156
45.5551 5.46596
22.3778 44.2414
34.5424 44.4474
45.8745 40.7917
28.5561 10.2246
21.269 12.8337
3.59772 43.5901
42.6188 35.8012
15.0443 10.9679
3.8502 6.63337
42.4852 8.009
27.1302 36.4764
6.55533 32.6068
20.0568 33.1119
35.3335 15.9436
8.1182 36.9395
35.7576 25.8559
2.01602 19.7188
13.8121 41.7311
19.4041 18.478
29.5327 10.5455
9.76783 7.96653
8.93164 32.6166
19.3712 9.64486
19.6359 3.44225
40.4484 19.9902
43.2754 46.86
21.43 34.7918
11.3717 42.631
21.1856 24.9469
35.8953 7.4166
16.1802 23.0595
46.3864 14.1614
46.039 2.64835
18.6337 33.5346
13.1414 14.6997
22.893 3.74773
29.178 11.7832
10.329 12.3187
13.4396 43.5622
40.3783 20.683
38.0129 6.75858
1.38416 20.2395
45.3758 39.2514
7.90177 46.6852
28.9298 13.2692
37.2213 18.4566
37.3177 40.5671
8.67462 29.0203
16.2507 14.9222
5.30164 31.645
45.9321 14.8561
35.078 31.3325
18.1998 15.7103
34.0878 27.6814
42.5722 33.6072
8.59519 1.85213
20.9137 31.7256
46.9805 7.49341
8.16841 8.03763
1.73344 17.7928
12.1183 19.9621
17.5124 47.506
7.39406 32.6909
21.894 12.024
32.1811 45.7272
10.3841 3.08979
23.0543 23.7562
48.6433 37.6975
33.5248 41.0706
49.1137 31.4192
4.48037 45.5383
4.41387 18.0573
48.6401 30.0665
14.1503 34.4685
11.1987 29.6288
37.3382 1.04577
32.2386 49.6585
44.0341 15.3874
22.355 43.0384
1.23525 6.25145
7.36994 45.0674
21.5048 42.7058
48.821 21.7642
26.8899 13.7012
3.06788 46.6798
33.715 11.4285
34.1793 36.3158
29.4579 24.149
6.8841 30.4118
18.2957 26.7518
44.2784 5.59134
4.94858 30.993
35.7241 47.1156
31.0761 23.0198
37.028 16.9764
36.7056 16.3588
14.3521 23.3823
1.75444 7.47812
49.9401 1.35457
42.5446 20.2633
29.9854 4.34986
46.3221 46.5365
28.2154 40.3321
23.1462 37.6832
12.4188 9.917
13.1019 13.5926
25.2898 19.32
20.8561 3.17052
45.4976 13.9588
12.3154 17.5108
13.5869 39.4008
31.355 27.5133
39.0703 14.1762
33.4195 16.5401
28.1017 49.0097
40.6417 35.9285
15.9036 42.9988
36.8663 9.83081
37.013 9.69882
27.984 9.71577
16.4717 19.0511
14.062 10.7816
48.8365 17.5687
41.9077 35.7457
19.3537 15.649
39.1118 36.9808
30.1963 27.4181
37.3718 32.1566
27.8102 10.3187
21.6813 14.0226
40.1143 44.8347
11.1711 44.644
42.3572 48.8042
16.6804 40.4775
42.0911 26.1952
29.3039 16.5611
7.35701 33.7125
30.9788 48.724
25.2997 15.1629
2.48386 6.19325
14.241 9.47103
46.3726 33.8005
31.0012 41.0384
1.31608 18.666
23.938 41.975
1.95485 43.6202
39.1078 23.3081
40.3803 7.73702
18.9868 15.1893
9.23588 32.1143
37.6886 8.55646
16.1829 41.3376
10.4563 24.2859
12.3398 12.3392
17.9549 47.276
38.5812 13.4635
1.28027 47.2561
44.1469 24.2094
47.2482 42.3917
8.90382 44.8349
42.8543 2.4575
37.6506 8.04782
49.1907 26.2081
46.4839 48.5786
16.0888 26.1013
17.6396 16.1756
17.7593 18.3716
44.0869 31.3697
39.8181 39.6078
11.48 29.0981
3.17848 27.63
33.6746 8.17679
20.1045 34.0967
12.8338 38.8093
19.5277 41.5818
20.1704 39.7353
40.0093 14.6362
47.8429 28.2214
17.6413 46.045
48.3706 47.5961
15.5341 46.7607
44.5211 15.0222
20.9182 49.988
9.47803 14.1795
11.472 32.3647
6.59979 39.2617
15.1029 46.5711
19.0552 48.3889
28.2249 27.8608
17.5506 11.3976
47.329 38.5664
7.6854 28.4944
35.242 17.3506
46.7062 20.5646
30.0682 13.2822
14.7316 14.3261
5.62623 33.7747
29.7945 33.3621
49.551 35.5399
10.8046 19.4365
9.89309 28.9377
41.6156 11.7565
40.8015 40.9938
13.9652 28.8238
9.54649 16.3313
46.3669 38.3511
14.8394 21.6082
6.66624 7.31629
46.9566 47.3631
33.1182 16.9218
14.2939 25.8762
44.5434 2.90907
44.5346 22.5564
8.95656 37.5411
26.7075 28.7562
26.4914 2.54751
30.7225 44.8146
10.7424 30.8518
21.2116 27.1615
26.2441 40.304
18.5199 39.5001
36.7464 7.9972
19.7475 1.5316
46.7578 18.7771
2.45788 25.7409
19.9464 39.1791
5.77611 24.4765
42.9889 15.7226
45.1731 43.6519
47.6701 17.1752
14.4184 46.5697
42.505 2.99749
22.355 46.6354
48.3464 28.2942
49.7934 13.4645
25.9971 28.6748
17.2893 10.6334
15.5358 31.0487
23.3735 29.1943
44.8429 8.2707
26.5396 15.5915
30.0758 8.06244
39.8783 28.4794
29.649 44.904
49.5872 30.4791
18.2501 2.43098
40.2663 6.29378
36.2218 21.6391
25.5847 16.4932
34.5306 36.2087
7.19727 24.9093
34.9863 4.0064
15.1395 9.87319
16.7691 49.0503
5.94037 3.66766
15.3119 22.3757
21.3229 41.0483
47.3728 41.6977
7.34852 40.459
29.9631 11.9948
16.2346 8.09683
2.02271 31.0499
14.9282 39.3674
35.3661 37.045
15.4573 28.7477
16.2513 24.3542
26.7857 13.1986
48.1591 13.0848
44.5146 40.0452
12.2962 26.1046
7.4537 16.4315
4.79584 34.0696
27.3308 2.86354
20.3585 23.9568
2.66441 29.5055
5.23545 34.5441
17.0319 7.32929
27.9524 49.5941
34.9698 20.049
37.843 11.143
4.58406 44.4757
25.8071 2.27155
7.8666 11.9897
35.5848 17.4111
45.8323 19.7118
22.4679 31.7179
26.679 6.65243
20.6304 1.3665
17.9183 25.5293
36.2615 25.8558
20.933 33.0027
40.0269 41.6833
33.9166 20.2774
2.28342 17.3704
14.5369 23.8437
39.8097 30.2885
40.3076 39.4173
26.629 42.3772
24.7349 8.64143
49.0243 36.0963
44.5618 9.37274
23.5981 25.5695
32.9325 16.0217
12.434 41.7603
38.5159 9.78935
39.4515 34.0062
37.0518 13.4602
49.4045 47.4705
33.5865 13.9063
18.3045 7.89221
13.6979 38.1744
44.239 32.9242
49.4671 34.1524
9.39129 37.0914
11.6459 5.32235
18.3092 48.853
47.7822 46.7494
7.81212 34.9418
2.97772 45.8151
35.4962 1.31072
31.7336 15.4223
35.0248 32
10.3392 12.7385
35.0382 19.8862
49.2315 12.3351
18.1515 17.0864
35.4295 45.7429
14.5137 14.9662
24.6479 25.5823
7.89573 18.4163
18.2164 46.1662
43.3516 41.9302
48.7241 34.5484
37.984 21.9868
37.3868 6.06104
47.2769 35.3264
38.032 15.6274
30.7593 13.8601
20.8562 3.88751
32.4326 11.6351
32.2051 14.8123
4.47564 36.7211
32.9133 19.6721
3.88483 27.7692
11.2224 34.865
6.20535 43.0201
38.6583 26.464
23.7391 20.3031
12.5231 28.3635
6.68993 48.0343
3.66443 38.93
10.9473 28.643
46.3349 22.1871
7.94895 47.1926
22.5821 30.8665
8.99211 12.4301
39.366 14.421
33.4803 29.891
16.7352 32.7255
48.2938 23.7769
7.16741 24.1905
38.4189 43.0854
40.2493 44.5495
12.016 13.8113
31.7093 43.424
31.1847 10.0107
20.1298 40.1034
35.7084 14.0408
20.5531 49.032
17.3922 9.77558
31.9719 33.4876
38.2927 15.8614
43.5327 44.4886
34.9233 46.0809
28.413 43.5875
38.9211 40.6131
27.2538 24.0694
38.9312 23.4981
44.5317 34.4398
13.5136 49.9205
36.3826 19.9648
37.9773 17.596
1.808 18.238
9.77289 46.333
36.3417 39.481
34.1759 3.16405
2.88114 35.8315
42.2955 12.9898
19.1601 32.1639
49.3858 26.8582
46.7977 40.2829
48.1308 33.1749
35.7402 41.7481
18.7092 8.22807
8.50085 27.921
2.03645 39.8376
38.1093 25.4178
3.914 19.5147
37.1563 48.6983
10.3861 21.4448
11.0372 1.31909
45.3352 32.9928
38.9342 44.9798
32.1422 33.9831
9.68264 8.45515
27.9433 10.8769
38.5995 21.36
7.09822 48.0767
5.65836 19.7074
11.9082 49.7909
34.5121 18.7209
21.4269 11.2861
27.0124 25.501
42.9336 37.6851
46.5194 31.7001
13.3511 21.0917
16.9797 11.9664
30.0905 2.5407
38.0822 43.8218
1.84863 9.42832
5.28232 49.7739
8.06859 27.8581
45.3399 46.2028
6.51724 43.8608
46.126 15.527
23.0364 41.0104
12.0653 49.9901
1.33653 17.48
26.8316 22.9461
22.1632 43.36
26.6312 12.9961
26.8256 23.1142
16.3495 44.4374
44.7413 47.1337
39.2607 29.2823
10.6019 38.4274
34.2077 24.2193
43.7374 38.6939
24.9657 17.0678
22.0792 3.65318
15.9292 48.3018
6.74 25.2628
44.9023 40.3852
8.07922 11.9768
3.21064 4.13103
9.59197 25.1409
36.3421 16.7863
17.1249 9.58936
21.6549 16.6487
24.1044 23.929
46.8756 48.8404
18.6951 31.6074
25.0535 40.8708
28.0829 28.7411
45.0383 6.80704
3.45552 9.8229
16.2403 37.6683
18.9144 49.1785
8.3183 44.2933
26.1092 28.6022
41.9247 49.5936
8.37441 40.6534
30.0386 47.8323
39.8145 11.4618
7.57342 22.8512
3.08295 30.5698
22.9636 32.8559
45.0139 30.8777
7.23014 7.6998
26.5426 4.1306
22.9867 34.2115
6.73534 49.8632
37.4508 29.2857
21.6625 31.6738
48.5935 44.5987
31.0766 21.7038
45.4666 35.2124
48.7455 22.3968
17.164 4.01473
32.0914 45.457
21.6738 34.2023
43.1233 40.5493
46.05 23.8464
15.6717 22.8399
24.9829 29.7641
31.8294 9.47598
26.6212 31.2422
14.6283 19.9525
34.4678 11.3416
10.0584 24.334
22.9406 11.7467
22.9054 31.6244
14.5635 4.96485
48.0626 44.8972
3.34101 4.92524
41.8406 12.0676
26.5624 25.8854
48.6841 45.0456
31.7069 19.4745
15.0805 30.8744
37.4959 6.99077
4.80863 35.0721
45.5524 30.0068
11.7148 33.7907
22.9968 20.5263
45.7492 27.8926
46.2852 20.1616
17.0156 19.5785
36.7409 6.08797
14.5055 3.13462
31.2061 24.1631
28.5927 45.4528
18.823 22.9471
18.7165 47.3402
14.1678 44.5796
46.6694 13.3618
41.2046 29.9995
18.7022 24.5128
4.81048 42.5468
49.8264 38.8833
2.45837 8.21639
34.6648 15.9997
45.4092 21.6538
13.9196 20.9803
28.4018 1.75596
21.4066 10.7406
21.1102 21.8115
49.9307 17.802
32.3606 21.1085
7.15748 30.2735
27.8263 19.7784
15.6243 25.9443
16.2109 12.2537
43.7448 30.1065
46.3085 43.4715
21.2097 42.5782
37.9555 31.4912
28.9592 23.6018
24.4373 25.1155
45.3937 36.0602
24.6057 47.1008
36.2937 18.8553
46.2274 7.31682
19.7787 38.1961
7.55733 18.427
11.0607 33.1789
23.6081 10.1109
45.9539 8.6188
33.5936 47.5686
37.4118 49.8186
5.20929 27.4764
19.4371 11.8789
25.9052 1.97404
15.8395 3.40863
27.7706 44.8666
30.859 6.37351
11.1907 10.8054
22.308 6.22417
43.0255 45.4958
28.519 18.9963
15.5098 32.6162
48.8922 23.0196
37.0623 34.1377
13.6619 32.6775
20.1156 38.4273
36.7895 42.4163
15.0578 5.68071
38.3473 21.4207
11.6503 32.3867
46.282 43.9706
11.8768 22.6565
6.60743 18.8257
33.4514 16.7213
4.39253 15.1113
26.9733 35.9968
40.4756 30.8668
45.3885 45.7769
21.4878 39.9532
5.31979 31.1362
3.49018 16.1643
10.8423 3.76765
25.5355 6.81526
20.4372 26.639
38.694 39.2848
47.956 43.3977
32.1583 31.2012
26.1703 48.588
42.1705 40.8991
21.6269 36.1115
48.754 10.0237
5.36382 31.7233
31.9904 40.9001
41.9147 41.991
30.0112 46.53
37.6844 28.3992
6.21028 33.397
15.7106 38.1904
31.352 48.906
7.46877 36.1741
10.6875 30.5296
24.8451 19.0803
18.5127 36.1915
11.6143 39.2199
4.24636 23.8156
25.5795 11.231
20.7391 10.0689
28.0276 7.78279
43.6158 13.7324
12.6241 31.224
15.2801 28.7901
24.617 29.3968
19.5905 10.8223
15.9628 35.952
25.4684 32.6853
35.0107 26.7865
16.3059 49.0053
24.3624 11.3266
30.6716 26.9817
49.5426 20.8406
47.0679 1.5258
40.4306 11.6066
39.0429 37.9015
18.9672 5.79347
17.1791 49.1525
45.9996 2.06685
14.0815 10.2774
42.8893 14.0803
44.024 38.0295
28.9584 17.6201
2.9066 35.0705
14.4188 19.7003
10.6494 20.4212
31.1781 17.7946
26.768 26.389
14.8899 46.7453
11.1892 13.3474
49.9689 12.4696
40.4061 9.34631
47.8517 36.0769
32.7736 26.1427
42.6433 24.4434
9.10791 45.416
28.3605 37.3144
26.3397 10.158
35.9863 25.2226
10.6252 40.0104
8.93047 43.8574
48.7904 30.7545
36.3155 27.3786
44.8843 47.3018
20.8257 48.1197
33.5825 35.2107
33.7252 44.836
4.26821 18.2359
15.2754 29.1055
28.0133 26.6267
48.1492 14.8615
14.8389 15.8792
2.19542 38.9413
29.4941 26.9881
18.1994 37.4525
38.7256 29.8696
22.9227 30.4111
27.8252 27.9086
23.3667 23.3097
4.4335 41.845
7.2657 27.1481
1.13584 11.295
39.7091 40.1685
15.7307 17.9018
14.7587 44.3191
20.7249 46.3047
4.70726 38.6797
44.6527 27.128
3.73205 49.6768
26.819 24.5162
1.40019 1.07866
25.2068 22.2144
32.2322 12.4451
3.7799 26.2376
31.6407 22.0153
44.5139 46.063
47.7823 6.46914
42.9055 14.1201
42.7045 23.9247
15.3444 48.9039
17.3924 25.0015
24.9423 3.64113
18.872 15.37
28.4134 38.5808
13.7561 1.70837
32.2964 42.8839
26.0884 36.1374
40.5684 38.2818
29.5286 35.6431
48.5164 15.6925
2.67585 4.58441
12.0122 7.91038
49.3237 16.3224
30.8112 26.2272
43.3301 36.8167
23.6813 2.76883
44.8231 28.5255
34.6082 15.5536
40.5707 48.6053
18.9682 4.43412
6.66842 45.3986
1.59886 12.5824
40.692 40.0693
27.3406 4.1084
39.334 13.9336
43.1285 4.81901
8.37825 37.7163
17.1555 43.2707
10.1651 10.9935
22.8934 29.0251
2.33446 45.0365
4.06845 35.3345
5.26662 16.6028
18.051 35.9654
27.2283 15.1582
22.3716 47.6736
2.21424 19.1157
37.2397 6.28795
4.60397 33.3195
24.0809 31.8993
9.94079 4.16985
3.80659 47.4803
24.9462 44.1936
17.025 40.8569
29.5619 23.3184
48.5821 14.9473
30.3928 40.8539
8.92618 29.1175
7.28583 35.4594
32.88 39.3597
15.9333 30.479
15.9896 22.0148
6.18725 20.4495
13.7748 10.0837
46.1865 24.9071
40.4333 27.661
34.9142 43.2911
24.7419 19.4161
34.7594 17.8979
26.9949 8.4083
38.147 5.52632
10.6954 46.5421
32.0508 10.737
