100 31
5.8172 53.0684
82.3324 61.1061
5.8172 61.1061
0.734411 0.859169
1.02819 0.859169
0.734411 25.0605
1.02819 25.0605
10.0878 25.9196
1.05659 42.9595
0.706005 42.9595
1.05659 45.2954
0.706005 45.2954
10.0878 88.2549
36.0016 9.51711
52.148 9.51711
30.0254 13.4013
5.97624 13.4013
30.0254 62.9071
5.97624 62.9071
52.148 76.3084
3.44218 0.316382
0.405135 0.265955
8.00311 0.265955
0.405135 0.050427
8.00311 0.050427
3.44218 85.5091
8.40824 85.5091
24.2367 14.2367
58.0957 14.2367
24.2367 38.8317
58.0957 38.8317
