100 1000
26 31
65 38
20 29
57 43
39 52
46 25
66 28
38 65
38 42
48 44
58 22
42 16
62 49
32 48
52 26
77 34
92 40
54 69
45 55
60 47
80 63
48 50
59 22
54 43
45 47
62 66
34 31
19 30
33 64
63 56
44 50
62 53
55 42
44 75
51 64
67 45
51 53
72 17
77 32
45 65
34 46
48 52
68 62
31 69
80 90
48 61
49 42
28 62
16 29
66 40
53 16
69 45
51 15
45 91
45 44
60 48
34 62
37 32
48 34
17 84
36 26
52 66
28 55
28 19
42 62
52 60
35 17
40 45
53 56
37 46
38 59
53 44
56 29
6 78
47 81
34 71
56 60
11 51
60 31
65 66
29 58
56 31
74 39
62 52
39 61
41 65
59 83
40 47
53 70
27 81
41 44
26 40
73 44
68 63
57 7
67 53
65 45
36 72
59 40
26 47
38 68
72 60
69 50
28 74
75 67
39 60
51 52
28 57
57 50
41 48
64 68
41 31
83 39
46 25
47 28
47 57
69 47
48 70
37 85
32 49
13 39
78 63
29 38
50 31
49 52
85 46
30 32
23 44
61 26
84 14
100 39
100 60
13 61
63 25
50 52
48 50
55 65
50 55
49 45
57 60
70 68
57 56
77 58
59 59
54 61
89 53
60 31
64 35
38 65
40 46
69 35
41 46
63 45
72 38
24 25
63 45
69 46
70 48
69 39
9 42
39 80
16 34
74 53
14 33
30 36
58 49
65 43
45 64
50 88
69 31
41 77
45 56
31 47
46 52
47 44
15 48
23 44
75 54
41 59
68 45
34 43
37 47
25 40
44 69
33 60
57 71
59 58
56 18
79 39
39 32
22 24
41 16
59 75
18 12
27 36
40 46
44 48
37 70
60 48
50 54
88 39
63 48
54 62
39 27
81 61
48 49
51 43
55 58
45 40
41 66
49 45
27 50
58 46
35 16
57 26
72 44
46 55
61 62
54 40
56 65
48 67
51 18
54 34
1 40
63 26
42 53
59 73
30 64
50 41
40 33
28 53
33 38
43 52
65 41
54 71
64 49
65 43
75 41
66 64
44 93
71 62
47 14
36 44
59 76
31 31
33 19
41 57
28 39
54 36
48 43
63 46
46 52
28 45
37 53
49 54
60 32
62 43
72 35
42 55
38 57
45 67
60 74
63 57
72 53
66 27
46 40
79 52
5 50
41 55
74 72
46 94
47 77
56 100
28 52
12 60
32 46
47 62
38 54
48 74
52 73
39 44
61 52
31 48
28 59
26 26
50 21
30 64
60 47
63 30
70 64
43 84
40 69
53 59
44 31
41 63
64 51
46 75
40 26
42 65
72 26
49 35
71 30
36 36
45 57
21 42
58 28
70 71
23 26
62 39
81 47
25 15
55 54
50 52
75 65
51 52
61 23
57 68
80 88
64 64
87 53
94 39
48 49
54 43
88 17
57 22
65 71
24 45
37 27
51 41
30 18
19 61
64 64
28 31
57 53
38 74
34 37
48 45
33 36
43 42
25 93
59 69
77 50
41 72
31 59
19 45
7 34
82 52
33 47
85 59
47 58
36 70
20 72
54 58
58 42
58 68
77 61
65 63
28 65
75 41
61 36
25 37
21 23
78 72
55 31
23 65
27 51
66 39
55 46
69 60
5 29
37 54
46 47
65 40
19 52
46 38
37 41
46 70
26 32
58 1
79 59
39 30
28 48
35 65
60 18
44 61
42 51
52 58
71 63
90 52
62 78
37 44
55 43
52 31
55 55
91 63
73 54
49 46
42 56
50 42
67 69
52 40
34 53
69 12
53 58
61 57
49 68
34 44
47 70
54 49
62 87
66 65
68 43
44 57
37 35
27 37
71 66
77 78
29 57
51 52
42 38
54 51
75 43
5 38
62 60
58 47
49 50
78 40
54 36
51 50
33 52
69 54
52 70
64 78
43 46
33 40
35 72
44 72
10 12
58 50
47 55
35 85
62 51
22 43
36 37
46 57
73 16
34 28
43 31
58 43
55 38
25 57
75 19
34 60
62 36
36 72
49 39
52 71
48 51
43 39
84 43
56 28
44 63
66 84
57 77
59 35
33 76
38 39
33 46
59 57
54 41
69 57
80 51
42 40
58 49
27 54
63 69
1 51
51 46
60 51
44 84
57 37
60 62
22 41
37 61
57 69
40 41
64 52
48 52
49 31
18 53
57 62
48 58
45 61
51 52
54 60
43 53
40 39
41 51
55 33
50 86
26 47
34 67
28 33
46 52
53 48
74 36
27 44
22 43
48 22
44 10
34 70
58 29
83 58
71 68
58 81
62 48
61 24
38 39
56 44
31 43
53 29
9 55
43 35
49 38
28 57
24 52
54 30
74 82
34 27
48 59
24 62
49 46
43 38
72 49
34 42
63 45
84 77
36 18
56 57
42 46
57 64
67 48
52 39
29 60
42 56
43 58
35 40
51 31
78 44
52 66
59 64
32 45
45 59
38 71
40 55
43 49
50 34
54 63
79 44
44 42
44 28
39 42
48 43
45 58
53 38
63 38
46 38
39 48
25 69
66 32
30 56
16 29
74 52
56 60
54 71
63 56
21 68
29 87
63 51
39 52
75 65
65 37
58 52
56 66
31 59
44 69
38 56
64 62
67 43
50 44
44 33
48 27
66 60
35 55
40 36
58 38
63 49
58 26
24 48
47 53
42 46
41 34
40 62
55 8
60 47
60 10
71 45
57 52
61 43
34 34
11 73
31 36
46 74
1 54
39 53
66 52
61 52
60 40
42 61
45 53
61 52
44 62
57 64
46 66
46 47
16 43
58 64
58 95
44 62
48 53
42 42
27 55
63 80
38 18
21 41
69 41
32 40
43 66
34 42
38 55
49 70
42 8
44 46
60 50
42 51
45 61
37 61
36 67
67 37
33 50
59 57
24 42
76 34
17 60
44 65
58 63
31 28
73 27
61 22
67 56
21 45
54 56
45 52
57 73
64 59
42 24
68 57
62 33
40 38
32 62
10 39
53 39
68 58
55 43
44 75
73 46
60 59
38 67
44 43
59 48
67 73
45 61
77 41
44 46
38 21
64 71
34 67
48 35
40 42
56 50
55 56
63 35
31 68
35 62
37 69
38 55
48 65
74 31
55 33
54 47
77 54
39 85
59 62
19 65
45 42
93 52
75 85
57 51
36 67
54 56
68 61
49 30
80 46
61 44
48 69
38 51
59 48
58 14
66 61
45 40
39 44
56 27
48 66
73 25
54 37
26 54
43 26
43 53
62 36
49 46
50 85
63 29
39 50
51 30
39 51
47 59
80 73
39 46
72 34
67 51
57 65
43 82
72 39
62 68
14 36
46 43
34 68
36 42
42 59
53 63
73 82
34 26
50 39
61 56
55 32
44 23
59 70
78 28
55 32
31 74
52 31
58 59
59 47
32 45
60 68
42 58
65 41
36 60
31 49
44 31
58 32
66 48
46 37
64 23
73 56
42 45
29 70
51 54
15 61
26 21
71 27
46 74
61 48
38 48
60 37
76 37
39 64
72 8
43 33
60 30
44 59
38 48
67 26
57 79
57 47
37 35
45 23
62 53
40 49
82 44
39 29
53 62
44 60
63 67
75 54
25 28
20 33
78 39
50 51
23 67
76 43
46 66
52 59
47 63
61 47
33 31
43 36
32 31
43 19
69 28
29 32
38 1
28 41
47 68
32 47
13 55
52 28
65 56
43 55
58 66
40 52
60 75
61 16
60 80
42 32
37 39
44 19
13 50
37 37
53 37
20 59
41 53
56 54
44 44
46 19
26 45
41 62
45 59
30 57
62 45
38 34
60 55
58 65
25 46
17 46
100 54
52 46
54 54
52 58
57 54
87 59
97 61
34 66
36 38
59 58
41 41
46 58
41 28
69 44
74 44
45 37
70 48
39 55
65 54
67 62
81 43
49 75
45 65
31 26
68 73
38 28
54 45
41 59
44 56
28 61
56 47
38 70
61 51
38 53
63 63
51 83
46 39
55 59
49 51
25 14
53 13
53 75
39 65
35 79
44 44
49 65
43 40
39 39
83 42
79 66
62 89
39 51
42 68
32 43
80 34
35 38
63 46
50 42
59 42
74 52
62 57
41 42
32 52
66 48
42 50
26 36
70 71
59 33
18 4
48 4
46 50
53 44
61 73
51 48
54 60
47 50
24 18
51 90
52 84
49 67
27 62
28 58
32 40
71 51
59 53
49 32
39 43
62 73
57 54
13 26
34 86
20 65
67 44
35 43
11 38
59 26
49 61
54 88
51 63
60 56
53 81
47 46
49 85
57 40
55 46
43 27
80 76
35 54
41 65
62 62
67 23
19 46
58 57
75 44
59 37
38 56
56 58
63 49
47 65
43 21
17 39
38 67
48 74
21 48
31 40
37 55
49 84
38 32
39 44
55 36
31 45
52 36
39 77
36 72
48 43
53 61
29 46
51 74
25 11
33 22
44 62
51 77
81 65
44 45
41 10
