100 100
70 66
51 68
22 46
47 23
83 54
57 54
43 59
72 58
79 42
60 44
47 59
61 61
65 31
22 30
47 70
11 54
35 47
58 71
47 70
33 50
58 63
53 41
38 47
64 32
41 52
59 43
16 58
46 47
55 49
29 59
26 63
52 30
50 49
20 70
37 38
29 27
75 17
12 70
72 51
31 25
40 34
64 43
20 58
37 50
31 47
44 32
77 66
61 55
86 52
33 30
29 49
52 70
38 35
31 63
47 17
48 39
59 29
37 35
47 40
38 54
31 53
67 43
19 78
44 28
3 45
38 40
60 33
59 44
65 80
30 51
14 46
55 52
40 59
59 64
52 60
54 22
40 60
49 55
54 57
42 58
48 52
45 47
41 68
38 22
54 62
81 53
63 50
51 55
68 52
44 54
61 44
35 34
67 72
34 53
57 59
58 37
26 13
51 42
42 15
85 34
