100 5000
65 36
58 79
52 54
64 38
29 13
67 53
27 45
24 42
46 50
57 60
32 56
76 29
58 57
46 62
81 87
77 33
71 41
37 42
25 51
62 59
52 23
53 62
59 43
50 66
42 31
9 73
49 56
34 65
52 41
35 40
62 57
47 53
67 22
50 42
58 53
63 56
40 39
68 49
28 68
28 59
39 43
42 67
56 67
48 48
54 27
40 46
81 68
66 84
36 68
34 40
40 67
82 59
30 65
68 69
50 58
45 55
15 61
62 50
50 45
61 89
26 63
63 60
49 46
57 35
42 36
41 69
33 41
59 40
53 42
61 40
66 52
50 48
43 84
69 39
42 73
40 70
44 63
58 43
31 56
21 53
47 27
47 54
43 43
61 55
75 39
64 41
48 38
34 68
63 49
14 67
73 64
33 45
78 50
82 34
47 62
51 62
55 64
24 57
64 67
52 74
38 66
30 35
68 43
74 58
12 5
81 62
35 71
36 49
50 61
47 46
64 38
46 48
36 41
76 41
41 61
50 40
49 53
44 62
40 62
50 35
37 34
48 62
59 62
55 71
63 28
37 79
54 43
60 34
32 42
37 33
46 33
52 42
43 63
55 28
62 37
88 23
54 60
75 38
62 62
21 20
58 44
62 48
51 4
40 25
44 55
71 40
76 42
44 59
37 42
38 64
50 99
37 26
6 33
79 40
58 24
53 62
50 74
49 39
37 55
74 51
32 55
42 16
69 76
35 57
14 67
79 25
65 74
21 35
59 38
40 77
44 66
64 50
23 6
36 60
34 65
46 30
54 65
40 28
57 28
27 51
36 40
48 29
37 40
76 55
66 46
40 62
56 45
25 65
41 54
49 34
52 51
58 29
25 69
26 6
42 38
60 40
55 18
46 31
49 77
45 42
40 60
28 54
38 61
70 23
39 47
65 55
11 51
59 61
82 38
50 81
51 69
49 55
26 45
47 26
58 40
43 79
24 57
13 27
17 58
37 35
29 35
37 77
30 42
48 70
39 25
38 52
48 75
43 46
70 69
94 31
47 66
56 61
72 53
56 12
36 42
39 47
53 44
63 28
36 53
28 63
63 31
74 40
22 60
53 55
31 65
48 77
41 64
73 56
66 59
46 55
44 44
55 40
45 57
20 43
64 43
37 43
60 55
58 44
44 60
23 28
37 58
45 42
37 21
26 61
44 50
67 68
26 67
51 61
42 61
37 83
79 46
75 40
45 79
57 22
43 24
63 15
47 58
53 53
37 41
79 44
45 61
46 67
60 44
46 24
26 43
56 51
49 14
46 61
45 65
68 34
59 44
46 48
63 67
58 43
36 46
20 27
35 44
11 63
65 64
64 50
54 20
34 50
62 32
50 42
47 55
63 54
24 60
72 78
68 59
64 60
79 43
27 31
33 55
80 62
38 73
35 59
76 44
44 65
43 53
47 26
46 36
32 38
25 64
45 52
59 34
55 46
65 46
59 83
40 69
57 70
63 9
52 28
54 48
25 50
51 62
53 52
44 68
1 67
40 48
18 51
31 57
34 30
21 57
28 40
80 52
68 61
50 50
30 53
41 55
65 53
27 47
50 50
35 64
51 73
44 72
53 32
40 54
34 20
26 37
37 17
62 40
61 41
29 71
72 63
65 59
10 83
63 45
12 68
55 59
65 46
74 66
24 58
64 61
27 65
63 33
35 45
52 36
57 31
49 29
47 33
81 36
57 44
55 53
34 49
48 72
29 17
4 67
36 81
42 60
48 45
56 34
88 46
90 58
50 60
49 53
37 46
49 46
42 40
49 17
54 36
50 66
37 40
55 37
24 53
7 56
41 54
39 20
39 35
68 51
66 27
57 40
40 57
52 32
55 22
25 53
3 61
47 55
32 19
86 20
47 79
44 57
45 46
19 30
34 53
43 46
74 66
89 67
63 44
56 36
86 80
30 36
46 61
40 52
75 43
46 55
52 18
74 46
53 50
55 41
59 52
28 31
37 88
50 19
74 73
37 58
59 62
62 34
46 51
15 71
61 63
12 70
43 5
44 48
23 6
45 49
20 61
54 39
14 62
75 44
56 52
56 56
23 56
64 46
52 72
69 66
20 42
44 70
35 72
35 49
47 29
51 67
74 87
37 46
50 40
44 35
55 55
39 54
54 47
54 19
28 56
43 17
34 87
60 77
68 34
62 49
45 31
50 47
69 59
66 54
49 61
68 70
66 40
27 57
38 48
72 42
69 64
59 28
54 18
43 75
59 4
57 47
40 34
43 38
74 67
46 47
52 51
49 46
14 42
63 70
50 25
47 58
50 47
52 55
52 45
37 49
64 47
49 39
44 69
84 70
77 25
25 63
31 28
43 38
66 63
34 39
63 40
33 40
68 19
37 88
63 58
34 27
45 57
30 79
54 85
53 61
27 63
66 30
23 34
32 34
46 97
34 28
42 71
70 31
51 43
63 42
20 81
30 44
57 25
36 66
47 44
82 57
36 33
31 67
56 45
70 36
68 45
60 58
59 51
57 66
43 59
41 53
50 41
60 44
25 52
57 50
44 29
56 45
64 50
46 42
39 39
52 46
24 45
50 70
92 37
62 69
60 49
57 43
42 37
52 48
55 64
19 73
8 58
43 33
64 77
62 40
36 54
41 39
62 70
43 40
50 64
98 45
40 41
30 51
85 32
42 26
77 47
72 48
54 47
62 76
42 51
22 72
73 17
59 29
29 29
49 81
56 26
18 59
31 59
44 20
58 68
50 31
33 48
41 54
39 37
67 34
78 36
73 50
65 92
47 19
55 33
79 53
71 36
51 70
53 5
34 79
18 50
54 53
70 31
44 39
47 37
28 44
51 42
68 38
90 25
54 48
54 39
23 64
57 52
21 14
30 36
66 49
32 68
15 46
47 26
55 37
44 34
52 45
40 38
4 55
45 72
58 32
45 59
57 49
52 55
57 22
71 55
75 30
35 40
42 61
58 36
49 66
80 35
61 75
37 30
49 28
42 56
57 33
51 40
17 57
43 66
55 61
46 72
73 36
67 33
40 47
39 72
46 80
64 39
61 42
84 49
70 48
61 54
55 54
27 53
53 55
80 57
60 65
40 35
24 43
42 46
55 42
46 18
47 64
57 43
54 21
53 40
76 68
52 71
29 49
41 37
58 58
58 53
84 61
27 78
73 73
17 57
31 67
78 30
44 92
49 81
47 50
40 65
41 73
54 51
54 54
45 31
29 74
23 45
57 66
60 53
45 58
45 53
54 32
62 39
54 64
36 46
76 62
11 48
87 50
39 45
44 50
39 56
51 44
55 71
68 44
44 42
55 71
51 42
44 45
40 41
46 49
74 43
58 63
55 77
54 50
57 45
46 41
27 66
63 46
36 56
37 53
40 22
64 32
11 65
72 53
68 1
42 26
40 68
22 77
45 37
72 100
20 38
45 40
18 47
64 39
31 53
41 61
38 39
34 32
62 28
35 29
70 65
58 39
52 70
36 71
78 49
82 63
35 32
45 52
38 56
58 65
45 41
52 56
28 63
64 72
32 11
53 28
40 65
42 24
79 75
45 64
61 54
22 54
64 49
66 41
47 74
48 37
51 36
54 61
54 33
59 59
85 62
42 72
61 56
26 64
43 44
27 41
37 28
39 89
49 42
50 28
53 68
24 80
28 66
10 54
47 36
67 39
32 22
28 34
34 64
38 56
42 22
76 61
63 57
69 51
82 31
44 78
65 61
16 55
70 48
65 43
64 50
29 17
7 59
54 65
48 54
54 47
44 78
39 46
63 24
77 43
58 31
31 47
69 43
54 42
30 9
76 38
36 70
92 72
56 52
48 31
57 29
47 51
20 38
24 28
51 64
81 24
90 49
65 35
34 51
54 43
30 23
22 45
59 41
59 41
66 24
43 100
78 58
21 43
86 38
42 59
73 29
33 70
76 80
66 40
46 69
59 43
60 54
44 41
71 43
73 64
61 69
22 55
37 13
54 38
49 34
32 41
80 34
44 54
54 30
24 56
60 63
51 58
46 46
88 56
63 44
52 58
49 53
68 46
28 57
49 43
27 44
28 45
37 73
58 71
30 45
46 44
29 37
26 87
44 39
57 6
37 68
87 77
42 16
77 30
46 67
57 38
66 51
38 73
62 36
46 78
46 59
35 54
40 48
47 34
81 34
32 24
31 77
47 11
64 39
31 46
70 98
39 43
61 42
47 26
51 44
76 56
61 73
75 30
71 40
54 53
33 20
43 61
50 56
41 63
68 90
31 75
66 29
72 39
35 39
47 31
55 48
35 45
58 72
72 49
48 36
2 55
66 26
36 39
55 55
64 56
78 77
58 49
24 63
48 60
80 42
72 55
59 48
61 83
58 51
48 74
32 53
35 54
56 43
35 48
72 62
58 38
42 62
38 26
52 2
47 49
55 40
24 41
44 58
61 69
59 60
42 15
68 16
29 52
51 47
44 20
43 37
36 33
63 55
57 55
31 46
33 47
70 33
33 57
69 32
61 42
39 61
34 45
70 59
58 8
74 55
15 42
68 70
36 61
34 44
50 31
26 33
31 42
62 50
44 62
47 64
50 16
58 55
50 53
55 42
70 59
69 42
30 44
11 57
52 80
29 66
23 28
59 71
48 51
52 60
47 30
42 39
66 74
41 44
57 35
57 75
61 52
53 48
56 69
57 33
44 68
43 39
45 43
77 59
55 38
67 70
27 45
57 55
54 34
74 28
25 50
34 45
39 53
46 43
68 76
48 10
36 60
46 35
73 45
27 58
54 17
57 69
27 76
58 66
44 63
69 63
50 32
45 71
41 56
38 50
47 39
48 50
42 49
42 72
46 44
50 14
55 49
45 29
62 68
57 64
32 57
27 29
26 51
49 53
40 65
58 54
68 73
34 38
50 55
47 42
59 42
66 37
41 33
38 35
79 61
33 63
52 28
82 57
34 59
38 48
61 14
60 72
73 28
67 14
55 58
39 41
18 22
30 51
35 70
58 39
44 50
38 66
30 21
64 13
83 44
64 33
26 76
38 63
45 77
39 29
52 43
50 66
62 43
47 70
43 68
58 46
67 20
45 79
57 47
57 57
44 57
58 46
56 44
44 37
49 74
30 42
72 57
27 58
73 71
29 65
68 23
34 61
64 59
64 54
16 57
48 39
50 69
48 48
12 21
75 35
49 43
39 60
58 56
43 8
35 52
60 42
76 43
68 56
39 74
61 49
42 29
39 47
39 62
52 48
47 49
57 46
8 25
67 31
63 47
56 47
47 85
64 57
38 38
49 57
63 33
11 70
26 69
49 47
42 62
34 44
27 58
31 72
65 27
39 58
54 60
37 75
68 83
50 56
79 81
30 48
33 61
46 58
58 52
49 69
55 61
63 24
62 69
55 42
40 47
30 51
56 33
13 42
11 39
32 56
55 60
37 60
46 39
52 37
41 44
51 33
55 36
22 52
61 67
41 39
53 51
48 76
71 33
43 69
30 46
52 58
70 41
53 49
51 42
36 80
41 57
65 37
56 52
44 73
35 59
50 27
14 72
67 97
75 40
59 25
73 59
33 42
41 56
25 50
68 19
62 26
50 19
65 20
68 34
67 31
47 63
35 43
54 47
61 34
44 35
60 33
78 25
71 51
96 76
34 38
62 41
28 57
49 49
40 50
51 55
50 65
73 77
73 71
66 50
67 27
48 70
49 60
59 57
70 59
60 42
55 48
32 33
65 59
50 31
80 72
44 49
55 27
42 59
63 36
45 78
41 63
47 34
65 38
42 44
31 41
56 70
52 67
56 64
48 74
79 45
84 47
51 55
44 57
42 50
73 53
38 75
57 75
45 62
37 42
59 37
50 44
52 63
34 62
55 77
40 43
49 72
76 60
53 47
40 37
61 25
27 41
35 44
59 28
80 18
50 45
38 15
42 44
54 13
89 42
55 20
56 36
41 23
40 30
35 27
58 31
64 58
43 53
32 64
50 20
48 36
65 65
23 44
50 33
41 36
33 37
35 51
33 38
70 53
67 46
66 53
55 50
66 48
68 52
55 39
67 97
24 44
37 43
48 76
62 69
67 52
44 67
95 59
32 74
41 51
27 41
37 62
50 38
34 71
39 53
39 36
52 45
42 52
28 59
48 63
64 30
67 28
36 42
45 51
32 66
79 20
64 30
64 17
55 49
31 53
47 45
59 36
46 39
41 61
58 45
70 46
47 58
38 66
43 37
40 61
64 58
41 47
35 45
32 54
64 36
55 62
74 57
30 64
49 56
84 54
65 48
52 17
54 21
31 67
26 40
45 52
79 55
75 54
61 73
61 68
60 37
78 92
21 60
33 64
74 54
54 21
51 30
39 63
46 46
33 43
62 38
12 66
54 30
46 37
6 30
35 58
54 69
18 43
70 42
49 34
58 26
56 56
50 28
47 70
29 25
53 30
31 34
61 67
48 30
28 42
78 72
39 31
32 33
34 62
38 40
70 69
41 43
43 42
32 73
34 48
19 54
32 36
37 36
33 78
41 70
72 73
66 25
71 71
31 22
33 59
48 38
100 79
25 61
74 34
51 50
33 53
72 52
65 61
30 35
54 31
78 6
91 46
79 33
36 41
54 47
81 30
62 26
59 42
49 43
39 37
40 76
71 30
70 50
77 45
40 66
51 61
41 56
76 67
41 57
45 82
21 21
70 36
60 33
45 59
67 17
32 48
40 52
57 33
32 54
38 22
61 41
43 45
90 44
20 55
41 56
50 100
38 40
40 55
53 58
51 36
39 36
54 43
38 84
58 61
61 18
66 53
26 61
75 36
46 36
34 31
36 48
62 50
87 33
29 52
36 43
45 40
37 66
44 51
27 21
43 64
35 63
24 22
48 69
64 41
53 43
47 41
62 41
70 34
28 35
59 55
19 49
50 22
52 36
33 62
21 47
58 51
62 25
62 24
55 42
41 39
45 63
57 53
47 52
59 36
42 87
74 23
32 33
9 44
40 53
66 58
54 34
46 38
55 34
26 30
70 66
71 29
20 20
47 56
48 42
32 73
80 55
52 45
56 28
70 87
61 62
75 30
74 28
58 75
59 69
28 66
47 50
32 43
54 62
53 48
44 51
72 47
37 27
27 83
28 17
30 54
65 31
44 40
53 28
42 37
72 61
46 50
60 28
48 46
45 14
50 19
59 30
43 44
60 43
27 47
61 49
59 53
70 57
45 48
46 53
58 69
79 27
50 38
55 44
32 41
89 55
52 32
38 69
58 50
36 90
35 44
63 52
67 60
33 66
54 30
59 68
60 51
55 40
47 77
46 63
54 21
24 51
70 48
39 36
67 78
71 51
52 26
69 39
48 76
38 58
67 37
74 36
78 56
35 54
32 57
33 31
81 53
90 30
73 50
21 42
34 55
51 51
83 27
22 33
40 39
88 28
64 74
64 29
53 44
47 72
33 61
50 70
21 63
46 62
26 45
82 73
87 44
55 27
20 75
42 59
70 30
49 65
56 53
40 22
32 62
45 61
40 42
38 38
68 41
34 57
56 20
44 46
60 40
70 42
65 53
46 14
28 41
75 37
46 19
47 16
19 38
76 36
61 27
85 41
52 43
60 50
79 53
54 43
62 74
52 34
35 47
56 46
53 65
39 62
54 34
32 46
63 94
30 40
60 51
32 58
21 61
51 27
47 50
80 32
50 69
55 37
50 63
56 47
63 37
40 30
49 57
52 83
49 10
26 47
37 69
26 39
64 48
59 28
45 93
68 77
63 82
27 70
47 56
88 68
81 83
40 42
29 92
75 57
53 58
43 51
16 80
48 47
45 22
78 42
45 40
52 79
19 27
29 32
67 58
42 57
35 38
51 37
22 30
39 35
34 42
75 48
62 59
30 45
62 62
60 53
74 56
54 48
57 52
45 70
45 43
47 87
66 27
31 48
60 49
68 79
38 48
45 22
81 27
32 48
78 53
42 55
70 37
65 51
70 40
37 57
51 67
45 58
36 80
60 28
47 55
26 46
66 22
44 44
70 26
49 37
64 60
70 56
73 57
47 67
54 53
64 30
52 50
68 41
30 77
31 86
54 40
71 48
33 76
90 67
49 56
39 47
43 45
83 37
40 22
44 24
85 77
62 68
26 33
45 80
23 71
60 68
56 27
48 45
26 72
46 40
51 27
68 74
49 50
44 51
41 66
49 29
50 83
30 51
47 54
68 46
28 57
19 45
66 69
60 37
57 66
88 75
41 50
71 59
55 42
63 42
17 65
73 16
62 26
60 49
33 18
53 42
71 43
62 81
60 65
52 46
75 62
35 41
57 16
49 75
78 55
32 59
18 53
3 45
40 46
25 52
38 62
59 31
56 61
80 86
57 39
33 59
57 52
30 90
41 47
44 39
17 57
47 77
30 41
77 28
54 71
49 77
63 64
41 17
75 48
30 58
60 35
44 63
34 53
19 39
34 40
50 21
74 42
42 58
47 66
45 68
42 33
28 32
59 67
12 85
46 41
71 51
69 45
86 41
25 76
48 55
48 37
44 53
30 34
61 46
35 21
34 53
56 56
37 51
42 52
72 29
43 48
45 56
49 42
47 56
55 59
86 47
54 16
37 18
37 65
58 44
54 49
37 57
46 30
35 29
32 62
38 47
51 45
61 57
68 71
55 38
40 58
20 52
44 31
43 40
33 46
69 77
36 59
32 33
49 74
66 36
36 61
49 36
23 46
44 46
36 56
39 21
53 73
37 37
60 20
49 52
56 47
93 39
58 65
57 48
24 32
61 33
56 52
50 56
42 45
42 34
68 34
59 53
66 62
42 69
71 55
47 36
57 40
64 52
58 41
43 55
61 51
60 58
38 57
10 49
57 32
34 68
45 47
28 37
70 36
62 41
45 82
38 49
40 49
59 59
54 77
44 41
39 38
58 43
37 31
52 68
82 37
55 35
10 42
1 46
70 47
47 55
45 44
53 63
32 73
34 54
43 59
18 30
41 33
39 36
43 46
86 51
36 70
68 57
46 79
33 53
73 42
49 28
62 67
43 35
47 68
48 62
57 82
56 68
73 49
59 49
51 44
26 21
44 37
37 65
48 87
58 37
66 75
44 37
51 25
69 45
52 52
55 71
67 60
48 76
44 72
51 54
45 51
54 60
55 61
67 29
80 62
37 30
71 39
35 49
39 53
56 26
72 45
51 48
57 53
87 45
31 69
39 35
49 80
58 66
4 75
71 49
51 82
25 58
70 51
48 66
60 63
38 26
74 37
46 65
11 53
36 37
51 29
23 35
48 29
27 53
33 48
44 76
45 54
38 40
29 32
41 61
75 53
59 45
42 75
71 46
40 73
69 59
56 57
34 40
71 77
74 47
19 39
45 52
55 21
59 78
40 56
43 47
58 40
49 40
55 50
40 38
45 64
14 68
93 51
16 54
85 46
72 39
53 60
72 48
38 53
57 31
62 40
39 52
66 45
43 47
41 56
68 46
44 38
32 35
85 46
23 80
43 28
55 58
59 44
70 49
64 43
25 47
36 55
36 34
29 49
51 39
37 45
23 48
54 52
72 46
57 77
48 46
50 41
49 53
43 58
63 30
65 100
52 13
83 21
34 97
47 51
64 44
43 64
51 41
33 34
57 48
29 74
53 60
86 58
25 34
26 53
48 14
21 75
43 32
48 27
25 61
56 64
52 66
64 61
25 48
68 35
67 54
52 15
28 37
33 61
51 48
75 27
41 27
35 44
75 71
59 64
59 43
44 42
60 50
47 50
47 20
80 42
49 55
47 77
35 54
53 47
33 48
38 33
38 36
39 29
59 41
39 58
46 39
40 46
60 46
80 83
75 29
43 25
54 52
57 58
54 55
34 44
67 50
69 54
42 48
54 74
51 65
41 60
65 59
89 48
55 66
34 54
63 50
50 30
48 64
63 74
29 69
67 14
44 50
57 34
59 42
55 65
27 54
51 45
35 95
30 65
38 64
71 49
68 55
39 65
34 71
45 51
50 52
67 61
56 55
26 56
53 44
56 70
65 31
25 34
62 67
47 56
72 43
28 74
24 71
45 55
54 42
100 16
48 78
51 58
62 23
49 28
56 48
51 62
33 63
44 44
51 34
49 30
63 43
67 55
31 32
78 43
51 36
38 42
60 54
49 48
63 67
52 55
36 60
70 71
69 44
53 32
57 74
55 53
51 40
25 54
52 37
59 47
31 33
47 49
36 66
55 66
68 43
79 42
58 51
76 59
48 23
61 59
49 46
41 38
32 73
77 73
37 41
46 65
34 49
39 56
44 13
47 35
35 45
60 48
77 45
45 42
50 38
89 50
39 38
53 52
18 61
46 43
58 38
63 30
40 66
49 44
70 54
36 28
38 44
29 67
35 63
24 30
55 43
42 61
38 37
49 55
44 13
56 51
47 67
4 54
76 33
60 62
36 28
34 75
68 38
25 41
48 12
56 56
43 65
44 11
50 17
37 41
59 66
66 66
61 44
31 33
40 50
36 67
75 23
49 10
44 22
51 24
82 62
75 34
54 81
77 66
38 49
34 68
41 93
64 36
20 94
56 44
39 57
53 29
56 46
30 20
38 48
69 52
49 41
41 51
24 67
68 36
52 34
44 44
63 55
31 72
36 53
39 27
66 58
58 45
72 48
46 38
41 34
33 30
74 36
48 17
52 69
68 30
54 63
60 60
38 1
77 38
100 46
44 44
60 63
59 53
29 52
37 37
45 60
48 41
38 45
48 56
59 49
17 23
34 24
55 30
55 68
55 28
59 45
37 30
47 37
36 21
75 73
27 39
29 60
27 63
60 73
59 55
49 54
46 33
46 90
42 52
48 48
43 47
56 77
62 67
46 47
29 68
46 34
75 56
51 73
74 50
67 61
70 57
68 49
29 61
50 58
55 73
42 27
56 39
39 34
45 60
34 18
61 63
54 35
44 85
48 63
41 33
37 69
31 41
35 60
67 51
18 50
13 31
57 60
64 37
42 65
38 57
48 60
27 42
35 48
21 43
32 67
58 44
41 33
61 52
33 45
43 41
51 27
15 58
28 73
46 39
80 82
51 38
38 52
63 32
10 56
58 49
62 63
72 51
36 53
54 60
25 63
48 42
22 25
52 74
62 44
23 53
55 55
37 74
37 43
53 63
54 70
45 61
33 63
25 73
37 25
76 28
56 40
24 53
52 33
57 57
57 28
30 70
54 56
71 60
70 63
39 74
38 42
37 72
51 85
38 21
37 56
87 57
44 56
53 17
56 78
10 42
55 74
35 51
51 82
64 50
45 60
31 63
44 65
39 47
48 47
39 59
52 50
74 32
27 40
44 67
55 60
74 55
40 36
40 55
15 20
54 72
45 40
73 26
55 62
59 65
62 60
49 73
67 41
56 38
40 50
29 54
41 59
40 58
37 45
46 49
43 37
47 67
58 58
59 44
59 55
63 34
72 68
59 14
71 24
44 31
59 62
26 58
40 65
63 66
60 66
60 54
33 64
44 69
70 35
58 56
69 75
36 49
38 86
24 72
54 22
53 51
37 27
34 17
64 70
61 54
36 87
63 64
76 46
60 30
51 49
37 29
77 54
33 55
45 50
2 74
81 60
32 36
64 68
70 53
27 60
25 29
47 78
71 31
52 66
27 74
17 62
56 64
26 72
33 52
46 56
34 45
37 46
44 51
60 31
57 55
40 26
32 84
59 47
68 78
43 20
57 32
81 59
99 86
56 83
40 31
94 28
29 86
63 62
85 29
35 39
74 25
100 33
63 70
70 65
33 30
56 64
77 71
48 47
54 47
52 70
63 11
58 19
46 58
23 72
71 88
69 34
54 71
40 40
35 46
48 54
26 56
62 36
46 56
62 40
58 62
100 39
56 56
49 42
60 52
34 37
27 25
29 77
42 60
33 34
36 34
28 64
4 50
63 45
72 59
63 17
45 52
47 40
45 48
55 39
54 59
51 33
39 59
46 79
21 42
46 90
69 59
40 34
35 54
36 69
23 74
60 40
58 62
68 79
62 37
19 56
26 24
70 57
59 45
20 56
52 14
45 52
38 82
53 60
55 54
46 74
57 28
66 57
79 27
45 56
53 66
20 71
88 46
54 57
54 50
67 52
67 33
64 44
44 28
31 73
66 82
63 41
30 19
54 69
52 50
58 34
59 63
93 23
58 25
49 45
52 48
63 61
31 78
56 68
43 30
68 42
33 69
41 52
57 70
37 35
37 66
26 79
69 37
30 18
26 55
38 5
43 73
23 67
77 53
64 60
38 47
47 48
22 63
53 61
71 38
62 38
45 60
75 67
48 49
38 53
40 1
47 11
32 29
23 33
30 6
67 61
46 57
42 57
57 66
62 41
46 64
47 64
66 58
36 60
49 50
21 57
39 54
72 48
31 58
45 46
42 60
58 76
62 46
58 25
30 37
25 42
39 56
38 55
79 53
30 31
47 56
45 15
72 35
58 12
27 24
51 62
45 62
47 25
81 34
64 40
69 44
59 36
50 12
83 49
41 13
54 56
61 50
53 59
56 100
46 39
55 65
36 41
55 38
77 47
57 33
49 29
49 56
37 66
34 74
29 45
38 39
37 53
36 42
64 58
35 13
59 52
55 38
3 65
68 60
35 38
67 64
33 32
57 49
44 59
64 45
62 46
48 61
68 48
85 60
47 41
65 39
79 53
73 72
58 72
59 59
54 80
28 25
56 37
31 56
43 21
60 64
33 44
42 48
43 49
43 44
80 61
58 40
63 42
72 58
62 1
78 48
46 50
47 79
52 59
41 55
13 68
39 42
57 35
63 54
42 44
43 34
39 55
80 60
32 69
66 49
37 39
56 54
59 42
43 60
61 61
54 29
46 52
39 30
74 46
33 57
32 29
34 53
52 34
61 70
15 65
83 61
23 37
50 50
67 46
60 38
61 55
60 30
59 54
9 28
60 45
43 26
55 51
78 53
50 83
37 41
35 50
68 51
38 52
17 38
42 45
43 13
76 54
59 38
72 57
43 46
46 77
40 62
35 55
14 67
52 58
27 42
45 68
50 49
47 49
64 69
92 57
40 51
68 56
58 61
45 9
38 60
37 42
49 33
53 66
77 78
43 71
85 82
42 66
32 74
56 68
30 33
40 57
53 45
59 62
64 69
58 59
47 51
50 66
40 39
46 48
36 76
64 42
92 52
39 61
49 66
72 34
55 66
30 38
33 38
30 66
28 58
27 52
43 53
55 91
67 22
40 51
66 58
49 65
94 72
70 57
55 66
47 53
68 49
43 31
79 33
57 58
78 36
45 40
41 12
43 14
24 27
45 23
54 86
44 66
58 34
49 54
37 46
75 21
60 48
61 57
34 53
63 97
66 48
15 58
56 64
15 56
50 22
27 70
65 55
43 52
58 69
44 59
47 81
46 49
67 43
63 56
22 53
67 78
57 74
25 34
54 31
51 54
35 66
40 34
44 48
61 50
50 75
46 52
53 24
50 49
34 35
9 52
51 71
52 59
66 49
41 20
51 71
51 47
77 69
57 69
33 79
47 31
71 51
48 53
78 51
30 32
44 57
63 57
48 51
62 67
25 22
52 66
36 63
48 47
50 21
69 46
47 74
37 45
49 46
44 12
63 61
48 27
55 48
51 41
65 81
69 37
23 30
55 31
52 52
48 68
31 82
46 37
63 65
34 61
71 26
22 34
52 61
60 60
32 9
59 27
68 64
58 38
31 55
13 27
34 37
59 30
44 52
40 43
64 52
21 47
44 11
57 51
50 73
46 78
10 50
44 63
77 31
45 41
32 84
54 56
27 71
51 55
37 61
86 46
66 65
25 67
46 19
80 73
40 53
66 41
64 35
36 39
56 51
48 66
26 24
47 60
51 30
47 51
32 74
75 42
57 56
43 20
57 49
69 71
49 37
58 29
29 20
48 44
25 51
6 64
47 26
72 26
45 34
64 60
39 57
75 21
79 61
65 22
37 66
64 34
70 42
28 38
33 36
35 53
51 40
40 54
37 49
67 60
47 64
37 55
38 34
58 15
48 36
64 42
82 32
44 58
22 39
94 50
59 75
53 67
63 89
64 32
56 49
31 46
67 47
39 47
35 50
69 63
69 47
52 45
69 66
55 47
22 42
72 40
66 60
84 30
40 39
28 48
43 35
62 58
70 57
45 55
50 20
52 46
52 66
49 47
49 37
11 61
44 48
66 72
46 48
50 53
39 36
56 48
68 29
71 89
51 41
61 65
32 22
69 43
38 50
59 53
60 62
50 39
56 61
42 40
58 45
22 50
67 52
56 64
71 24
33 55
34 32
53 41
39 77
23 57
72 47
49 78
56 46
61 52
47 35
51 47
24 70
71 55
36 44
65 72
44 17
71 25
79 60
40 58
33 72
86 47
52 61
70 54
28 57
52 82
15 39
73 53
61 25
49 60
15 1
44 47
32 20
57 39
42 23
18 60
50 34
30 55
30 38
54 33
52 70
51 39
35 66
40 50
29 66
50 28
52 45
56 59
85 46
47 42
42 44
67 50
34 40
31 73
56 53
49 33
58 15
64 76
28 52
51 45
61 19
34 26
28 64
65 72
72 48
57 49
78 88
53 41
40 58
23 28
73 47
76 54
10 55
64 35
56 44
62 56
31 50
61 53
42 67
55 55
46 66
61 73
48 7
72 36
59 44
50 62
29 71
47 32
61 63
40 40
50 40
43 59
53 38
36 57
72 43
49 25
25 16
48 34
41 48
69 25
22 36
64 68
69 33
32 43
13 55
24 45
46 58
62 32
73 53
40 40
57 28
100 73
16 60
75 55
69 57
74 45
48 42
47 32
25 36
36 59
94 61
64 44
24 60
55 54
49 33
54 67
50 47
44 41
34 51
60 41
50 4
74 27
26 33
57 42
54 66
68 48
42 37
57 62
58 82
48 46
64 69
72 48
32 50
85 69
68 54
50 40
42 46
41 18
80 61
33 53
49 51
32 68
54 62
24 31
41 26
46 39
69 58
38 19
1 70
43 31
64 39
48 44
42 44
52 57
84 51
48 44
40 51
27 51
57 72
51 65
36 35
65 25
92 39
79 32
80 53
89 15
71 66
57 42
33 35
57 54
85 45
31 37
42 36
38 45
59 60
72 33
25 70
62 76
55 33
36 52
42 41
76 53
54 52
53 75
32 19
63 43
73 23
60 75
52 58
32 74
42 30
39 64
59 31
37 34
37 30
57 55
60 67
36 41
90 30
58 64
46 61
80 15
66 9
45 58
53 53
74 81
63 25
37 44
50 95
66 38
93 52
27 50
56 64
55 59
33 68
59 74
69 31
44 20
56 74
36 36
43 38
49 40
81 74
5 22
32 50
38 61
61 88
45 57
62 35
29 46
69 68
42 56
48 49
57 19
45 23
32 18
54 83
57 44
42 59
67 67
51 77
45 47
54 25
80 51
58 72
32 74
53 52
48 52
43 57
79 42
20 37
20 55
50 12
30 54
28 68
27 60
53 72
51 55
50 15
62 72
33 62
83 67
35 65
35 58
56 51
32 62
31 51
72 59
15 66
82 56
69 41
50 56
80 27
31 74
53 73
16 57
60 62
40 62
54 47
68 43
1 51
34 29
45 69
59 50
66 15
40 51
73 37
34 62
33 53
53 10
21 40
38 36
24 67
43 37
71 50
57 54
54 57
36 34
68 50
80 52
13 61
58 95
47 37
55 21
42 41
45 60
52 49
42 52
79 61
62 55
58 3
26 43
58 43
37 14
75 32
53 74
37 26
70 19
48 37
32 64
49 86
78 38
38 56
64 51
36 59
44 35
35 23
45 49
28 56
57 45
61 64
65 55
73 27
63 1
28 47
60 35
66 23
47 39
23 49
69 15
52 62
51 84
65 49
41 73
34 67
49 46
64 69
50 40
44 52
58 23
66 77
46 55
48 86
36 41
38 60
48 27
40 34
44 23
40 52
25 39
59 36
14 67
65 34
45 64
51 50
32 43
66 62
50 25
63 62
58 59
47 68
63 60
46 54
68 64
77 80
47 68
21 49
44 59
68 43
37 80
73 28
13 58
70 53
26 42
45 37
39 36
55 54
59 52
48 42
62 43
78 49
48 58
60 64
23 62
39 30
37 60
29 28
43 50
80 31
43 51
24 40
48 41
37 67
40 45
66 32
55 60
62 73
32 41
52 26
46 38
63 74
29 46
27 36
18 74
66 19
63 30
68 51
76 34
46 41
63 47
79 52
62 40
45 30
47 27
28 49
35 70
75 51
58 39
43 36
73 75
42 43
51 31
41 54
67 38
34 79
55 18
43 36
64 49
49 44
32 50
62 68
45 36
30 62
64 32
18 26
88 48
69 71
46 71
26 60
53 73
50 26
87 39
74 36
66 56
18 38
53 56
44 33
37 68
29 26
60 63
51 37
82 35
38 32
35 30
33 50
67 52
54 66
55 58
58 43
47 39
57 32
34 65
45 50
44 68
42 65
12 45
42 32
74 35
75 43
48 47
64 40
42 8
50 64
41 18
38 37
40 43
64 58
72 56
59 36
34 32
27 49
64 15
60 64
53 37
46 53
36 25
35 50
61 6
1 45
42 100
41 81
53 63
45 51
27 38
44 37
41 59
54 41
58 40
14 35
46 58
38 42
53 66
36 50
43 62
25 64
43 37
46 26
47 46
51 55
78 40
56 62
36 18
24 67
57 29
54 61
43 52
33 43
32 68
16 67
33 41
54 60
52 39
60 60
52 43
41 16
45 43
67 45
39 61
32 63
36 35
37 41
48 38
60 25
24 49
41 51
51 83
25 74
39 85
42 70
44 36
35 37
41 43
57 50
30 60
55 66
60 40
25 55
44 24
41 30
66 47
40 59
36 43
67 54
29 62
47 55
42 27
23 41
76 33
66 61
51 88
66 64
65 52
52 66
72 61
29 42
74 44
60 46
61 40
4 61
42 41
76 79
32 73
87 39
36 53
45 78
64 29
83 20
79 21
54 45
30 35
27 51
52 45
50 48
50 26
73 50
61 38
77 53
62 36
49 46
74 54
49 35
23 54
32 37
52 50
55 40
33 28
19 52
64 29
65 59
71 48
49 57
58 45
62 66
42 15
28 100
64 60
36 47
34 18
50 53
66 51
54 52
63 71
53 61
48 39
48 41
23 38
21 25
42 33
34 20
61 49
58 51
31 56
61 38
63 41
70 75
35 42
21 82
55 38
33 54
47 55
48 51
34 46
53 30
58 35
81 40
63 30
56 57
55 37
61 55
55 45
65 67
33 56
15 53
49 60
33 71
55 46
51 22
76 48
77 59
70 37
44 54
42 38
24 74
62 26
39 50
62 17
40 71
34 36
41 27
47 30
64 42
69 58
53 53
40 30
43 53
40 36
31 60
22 56
41 38
29 46
43 63
28 39
50 38
58 67
70 29
49 71
26 56
43 44
50 42
31 38
29 72
57 15
52 41
73 25
54 55
52 41
71 19
44 25
41 65
42 74
93 49
51 68
10 75
43 40
57 23
34 18
45 42
44 64
53 41
80 44
57 57
60 42
51 60
73 62
41 47
20 53
25 68
62 45
84 26
44 47
65 34
49 51
44 4
41 51
69 86
60 81
31 54
28 63
59 45
44 66
57 58
48 18
50 51
52 35
41 64
44 65
42 45
29 48
48 22
56 41
49 64
44 59
59 71
60 20
51 73
66 53
29 31
45 56
37 36
38 69
53 40
38 50
8 59
27 36
51 58
58 56
63 37
55 51
33 59
70 63
42 59
13 81
56 51
34 55
69 53
62 44
55 50
55 41
25 36
47 28
55 74
40 43
29 39
69 81
53 62
79 50
44 44
78 46
59 55
49 43
78 56
52 41
23 36
32 17
79 49
39 49
46 87
54 59
14 48
50 55
60 68
25 14
36 35
51 33
65 31
55 74
47 48
57 56
59 35
58 56
45 76
44 43
41 86
61 42
41 71
63 64
56 11
57 42
56 63
66 46
53 78
81 79
70 35
37 51
76 64
1 69
28 56
64 68
35 58
39 18
40 54
45 55
63 68
51 55
57 47
44 64
47 66
42 43
67 60
29 75
63 17
66 46
45 48
61 82
31 26
52 62
31 54
20 52
45 74
50 44
62 81
45 72
44 72
31 53
46 45
64 36
56 24
30 48
65 60
100 71
58 65
20 66
40 16
51 53
59 32
31 41
53 55
73 51
33 32
78 44
56 68
57 54
66 35
8 37
10 71
57 87
12 82
9 35
36 11
48 55
26 38
69 39
52 21
67 46
77 55
45 82
69 69
50 42
44 31
42 34
53 63
42 30
60 44
24 60
52 53
1 44
45 52
24 76
57 73
62 95
44 27
41 48
42 18
62 42
48 39
57 33
78 44
61 55
49 33
12 51
13 75
29 61
59 67
34 70
38 45
45 44
43 59
55 66
32 52
57 65
45 69
49 57
50 38
36 36
69 57
25 34
32 64
38 52
66 74
34 100
56 51
32 65
100 44
40 62
45 32
57 39
77 47
57 46
75 39
51 53
68 67
27 41
83 23
31 36
55 28
85 20
59 41
55 48
73 37
30 54
44 61
16 14
71 88
32 81
55 10
65 42
77 46
40 26
63 41
37 66
26 49
60 72
23 73
78 80
56 47
41 58
100 53
32 48
36 48
52 42
68 25
75 52
43 28
21 37
42 75
69 35
45 57
24 55
36 56
63 67
45 50
1 72
51 51
21 52
32 68
46 56
32 36
30 38
37 41
7 32
42 67
7 48
57 57
57 67
32 49
17 62
21 37
44 9
42 34
33 50
40 61
65 56
67 61
50 57
49 46
32 34
54 47
25 79
28 81
61 71
52 87
37 82
56 51
53 31
55 37
69 17
23 69
58 46
18 47
56 18
57 52
27 53
64 43
40 24
72 36
36 42
11 53
84 43
58 59
64 16
76 18
34 45
82 53
57 43
65 49
37 55
62 51
45 14
56 36
88 31
53 71
71 33
44 67
38 42
52 50
48 39
50 63
66 70
60 52
53 30
38 56
69 45
86 57
31 49
43 43
51 43
100 9
43 71
63 57
72 42
53 58
44 42
34 6
42 40
28 46
53 61
15 26
46 64
30 48
93 75
74 46
31 61
56 70
71 32
41 36
3 38
78 79
72 72
27 60
42 50
73 61
74 51
28 75
76 52
66 32
72 53
43 44
71 33
58 39
51 53
62 41
29 57
66 71
39 72
66 38
54 34
42 45
94 54
34 6
47 51
16 50
47 44
45 59
46 33
59 55
79 60
81 20
81 21
35 50
44 70
62 34
30 20
63 23
57 22
40 54
53 33
52 43
54 42
71 43
66 38
48 54
100 39
72 54
93 60
65 42
45 56
76 61
41 12
31 62
63 60
36 37
56 35
55 33
68 85
52 46
22 36
58 16
47 48
37 29
21 65
40 38
30 51
67 52
24 54
60 96
62 37
43 29
23 49
54 51
61 82
34 47
54 56
62 32
68 43
53 66
29 51
45 29
65 82
41 35
54 54
60 46
31 37
40 63
74 72
60 50
53 35
23 63
41 50
35 52
39 65
46 2
45 70
9 58
36 49
62 32
35 70
60 59
56 63
48 26
52 62
45 54
48 42
31 50
54 42
42 55
19 69
43 49
55 43
23 36
51 17
49 34
65 30
63 43
60 46
58 85
45 62
55 51
37 51
43 6
37 49
47 67
21 73
33 35
55 44
67 54
47 26
63 40
54 42
53 67
48 28
38 49
46 48
40 28
40 46
33 40
40 35
53 73
36 68
37 46
78 35
70 40
70 58
56 70
18 52
26 98
56 72
89 44
35 35
61 72
62 46
41 34
11 66
46 71
20 25
77 48
49 49
46 49
41 60
39 47
50 30
47 49
58 43
35 41
63 32
50 41
50 40
66 59
56 96
30 36
33 40
64 40
40 53
54 38
54 25
38 37
63 59
42 35
33 22
38 50
35 46
36 43
47 39
65 58
42 61
29 45
68 57
41 36
75 52
50 62
41 17
67 87
41 40
43 39
42 37
53 27
73 70
41 52
47 63
73 54
34 70
61 72
54 61
50 29
55 35
90 45
99 43
48 48
49 44
43 31
34 55
60 42
55 28
60 5
65 29
42 89
61 84
34 63
42 75
61 52
78 67
67 67
72 64
35 30
49 46
74 36
72 56
51 44
47 62
41 48
84 54
47 59
47 41
46 36
56 52
55 32
43 51
44 50
39 40
38 74
43 40
33 27
61 74
59 73
52 55
56 32
58 36
51 38
31 23
50 28
43 52
58 73
37 32
62 67
44 64
84 54
49 54
28 55
60 51
50 54
60 57
21 31
42 74
18 43
32 34
44 50
33 55
31 100
36 49
79 43
48 39
42 32
37 37
37 67
46 76
34 58
26 54
51 51
47 49
65 27
82 71
47 50
49 43
34 85
44 49
83 57
48 48
34 60
65 66
37 44
48 33
69 44
79 53
50 64
49 33
63 70
5 41
22 53
53 80
57 62
45 41
58 37
67 54
16 47
46 42
48 30
41 54
35 69
29 62
56 60
41 72
49 35
56 81
80 38
35 65
23 68
44 71
45 60
57 62
37 36
40 36
63 37
72 66
81 61
43 41
48 33
32 25
30 22
100 28
58 67
59 45
46 64
51 32
33 64
50 38
66 55
13 79
59 29
53 34
35 55
64 11
84 35
50 37
48 47
62 59
51 31
25 33
50 40
24 52
42 38
38 41
34 48
22 74
53 57
84 63
85 43
57 46
61 71
34 51
87 23
49 30
46 28
45 33
59 36
48 24
69 59
36 69
65 20
79 54
68 69
74 30
32 79
44 17
51 21
35 63
25 78
44 64
47 24
59 50
76 50
70 35
48 39
72 58
69 27
49 65
59 20
40 42
36 53
48 35
43 30
83 64
42 1
51 37
50 75
59 52
58 40
64 51
31 16
52 62
62 39
56 43
67 80
67 54
27 35
75 29
45 41
54 39
57 44
61 7
77 29
33 32
53 56
8 29
70 68
49 47
68 54
29 51
42 67
49 47
68 60
38 55
39 52
54 25
55 51
52 21
53 42
23 26
48 50
55 32
43 52
32 34
56 49
59 32
15 41
50 71
25 46
51 67
36 62
60 65
28 39
58 30
14 56
34 61
45 50
49 57
71 51
37 57
59 41
47 40
46 54
53 32
27 56
65 65
54 21
49 53
56 55
37 88
68 22
50 30
95 61
33 57
46 73
35 21
13 65
46 54
43 52
30 65
71 60
27 38
53 56
32 64
33 42
54 57
38 33
41 17
54 90
26 76
51 20
74 59
27 52
55 64
42 54
44 53
48 65
38 59
56 31
59 60
33 72
59 72
60 39
49 77
51 49
39 54
58 67
52 61
61 40
54 54
47 43
39 35
78 47
47 63
23 33
25 50
24 36
47 39
25 47
62 32
53 70
57 52
38 73
34 33
75 61
68 42
57 36
42 18
46 55
72 46
50 57
46 69
28 44
55 76
56 19
47 47
31 35
58 56
7 51
45 44
47 55
86 36
42 36
36 65
58 19
32 37
79 67
52 55
81 57
57 13
40 59
56 56
33 37
22 47
26 42
72 66
47 62
85 69
37 75
71 46
66 58
53 46
82 48
51 32
23 34
70 55
33 40
24 52
68 67
49 69
43 54
41 32
78 56
40 36
47 71
69 54
15 41
18 59
39 87
29 24
46 50
38 74
56 85
37 60
45 47
63 56
67 49
27 76
63 41
37 76
68 57
36 21
36 54
35 55
69 61
47 61
62 72
36 62
67 61
40 25
28 61
40 24
24 63
33 48
12 37
47 53
45 38
71 34
27 58
50 56
45 44
61 62
25 63
48 57
36 71
65 45
42 49
43 45
38 33
41 10
69 83
51 50
73 63
51 32
69 57
66 54
38 50
54 45
35 42
61 62
44 46
51 18
49 56
59 40
44 34
68 35
24 36
49 58
60 36
42 64
43 49
79 36
70 19
53 26
38 9
65 42
42 42
80 65
40 32
45 55
58 26
50 37
44 58
70 39
22 50
34 95
43 39
48 86
56 24
61 51
34 88
69 46
51 52
48 75
30 41
47 43
50 57
59 56
43 41
20 35
61 57
53 42
37 43
84 28
29 53
67 39
59 56
36 53
63 37
70 46
65 55
34 41
22 34
55 63
60 70
45 57
49 41
46 17
32 61
46 33
27 46
52 65
43 76
49 36
64 32
22 77
41 23
65 43
34 59
63 78
56 33
9 49
19 39
60 53
58 79
42 42
54 67
63 50
29 37
61 42
70 32
47 48
61 35
38 54
71 50
68 60
27 59
76 54
54 52
71 33
26 40
52 77
83 48
51 78
55 50
24 27
30 52
27 27
65 36
60 35
45 67
42 28
41 46
28 23
80 63
53 36
45 38
54 38
62 45
40 41
76 69
66 40
38 49
22 39
32 79
76 10
39 48
29 59
43 50
63 77
24 35
26 76
33 26
79 44
78 58
53 66
38 48
25 55
50 51
66 53
