100 200
88.5423 47.6622
59.1236 57.9268
33.4046 52.7068
50.935 50.9366
52.2005 51.7891
37.3411 29.0714
46.3344 39.2049
81.1962 19.7268
4.29747 57.9252
61.4802 60.8183
30.4573 23.4202
41.4494 46.9396
36.921 49.8608
59.8367 40.3908
69.7017 52.1653
26.6547 72.6506
35.0597 46.2872
69.4579 75.9678
48.7393 52.8243
19.9583 75.9217
13.0887 48.551
58.3853 50.7058
8.39435 41.1244
53.2274 49.2457
69.0056 82.5943
18.8313 75.5768
48.2494 60.4952
18.2139 47.2608
36.3721 62.4172
57.4441 61.6268
49.1225 47.3759
16.8257 36.8021
70.5365 63.9331
59.6054 87.0809
64.1502 59.5446
55.2201 48.3047
53.6647 24.7918
88.8125 36.3377
38.9468 25.5806
54.119 36.0831
57.5305 42.1474
27.9423 52.0888
48.4257 69.9801
54.577 58.622
83.842 67.8828
74.7381 58.0398
33.9335 44.3831
75.0714 77.0221
9.29713 41.167
16.975 36.1013
56.2668 49.1565
58.1149 42.1761
59.7468 42.3113
28.0989 48.0565
54.7183 43.3149
44.0084 69.7965
28.0542 33.7732
52.5601 59.6356
66.8323 52.0444
58.708 30.231
55.0186 76.2364
40.127 37.2962
55.0176 66.8387
36.9875 62.0489
62.8717 67.6373
53.7713 43.6536
67.2229 64.636
41.472 49.5982
84.5236 57.2234
80.1932 58.4646
46.3691 45.6955
39.4671 71.1269
52.955 51.3747
70.287 34.1083
51.9156 83.7329
73.2891 29.0664
32.9991 19.243
83.2189 21.5321
34.806 73.1274
43.9068 17.4934
73.1931 71.1881
72.8041 58.2752
27.4085 34.0623
47.7812 68.197
62.0371 36.2495
41.085 54.7252
80.8712 77.5315
53.3631 48.5978
35.1509 53.3998
14.099 56.5889
65.1946 61.6646
46.9359 46.9169
77.4671 22.5589
54.1765 68.996
44.8432 51.2369
52.9139 52.4569
49.9514 75.3287
43.1281 48.9294
45.8323 25.4698
55.6403 19.0231
31.7017 33.5275
47.5919 67.0123
39.9711 42.5498
39.2825 16.1923
87.6626 46.4721
56.8014 53.4395
61.3737 39.7464
63.768 42.0467
34.2071 28.3062
92.261 43.6829
52.2257 53.1098
68.7983 56.9785
13.2469 44.8601
73.4593 60.0877
64.7628 74.9739
60.1577 44.9567
63.1206 29.2818
52.1333 70.6223
46.3842 85.4917
51.5511 57.6891
34.3401 43.3568
58.9315 50.5558
46.4114 67.1871
37.8709 26.6655
82.0807 60.5419
30.2141 42.293
74.3041 42.7881
91.104 45.5639
75.9377 61.9888
22.8025 70.5869
31.9882 22.925
57.3614 24.8818
25.428 40.9766
45.4336 80.6124
37.4534 49.0145
45.824 72.4825
64.7269 26.3676
55.7548 30.851
52.0368 26.5944
34.6486 14.7378
55.4716 76.878
43.1428 51.5346
51.48 46.2111
41.9118 70.4364
54.9701 47.0297
30.6376 91.5243
60.131 30.4595
20.0897 54.3567
55.21 43.6363
46.8147 29.6853
57.5153 31.5492
72.8905 59.6506
55.724 28.4039
66.0185 31.0603
25.812 37.5758
44.3872 51.7274
67.4826 58.3662
52.3686 67.2319
32.4057 55.6053
39.2997 53.8103
31.9536 36.5621
59.5263 49.6274
51.309 71.5355
89.0387 31.4863
0.0401157 50.6617
52.7844 43.8248
15.1024 25.8484
41.6619 51.5163
50.7999 56.479
47.5285 39.6465
60.8416 71.1121
55.4461 56.3165
29.1708 47.5011
36.8254 67.7214
43.4705 58.4672
50.5376 38.6166
62.6026 43.8598
19.4292 16.0147
57.2217 43.1311
72.0542 78.2477
22.177 44.2589
59.0821 38.9866
25.0293 67.6591
59.9417 25.41
49.7314 13.0001
47.0669 63.7161
47.7468 38.6443
59.2157 31.1392
66.7801 44.9013
28.5688 61.0791
29.32 52.9165
69.4717 59.9253
43.017 53.3285
43.3655 33.5139
90.4753 46.1751
28.2559 33.5542
10.6114 43.8679
61.3462 60.1153
46.4457 80.9776
41.6354 29.9129
