100 10000
68 30
39 47
33 56
57 56
59 47
35 47
55 41
46 50
59 42
100 46
39 19
59 24
42 34
94 54
43 77
37 71
31 54
80 37
56 38
72 23
44 40
35 54
55 50
74 67
53 59
46 38
28 41
72 36
62 16
60 59
51 72
13 43
46 82
58 45
35 69
85 45
23 51
25 77
48 30
51 29
56 30
83 34
45 51
68 55
78 60
45 57
44 66
44 70
30 74
29 26
44 45
73 38
34 48
57 45
62 78
39 54
32 69
48 38
48 31
60 46
23 64
36 63
30 66
61 65
75 48
49 100
59 62
63 24
55 30
43 49
27 51
42 35
30 43
62 60
35 58
49 43
31 52
62 54
42 46
39 32
21 59
73 46
18 54
37 63
39 37
32 70
57 43
58 47
46 60
26 40
58 100
38 61
59 49
25 40
29 64
66 51
40 32
61 64
74 47
59 46
46 59
35 9
35 49
37 39
12 65
24 76
45 44
86 76
59 68
36 25
70 13
69 48
37 73
42 39
60 46
58 51
68 41
57 39
56 55
36 14
67 59
41 39
38 58
37 30
48 28
40 49
50 29
41 69
6 53
50 50
20 61
90 43
51 67
68 43
57 70
63 40
33 37
54 24
50 65
59 48
56 40
36 43
54 60
66 46
76 62
50 59
73 61
76 51
33 42
71 72
61 50
41 83
76 52
34 38
30 45
69 55
53 72
55 67
68 49
51 73
30 50
23 59
33 34
34 47
80 25
53 38
44 64
73 34
60 23
71 29
27 40
65 83
71 38
24 36
71 48
56 27
53 46
32 44
63 21
55 47
81 58
47 16
50 49
22 71
66 53
57 26
43 84
41 50
32 50
65 59
27 65
59 21
46 67
37 70
28 54
61 73
55 55
35 47
58 47
49 41
49 80
37 46
64 44
62 49
31 26
52 58
39 49
62 49
65 63
53 32
69 62
82 87
38 28
46 27
65 37
19 57
54 45
33 21
42 37
24 44
74 35
43 90
19 66
9 33
25 35
41 63
16 55
36 75
39 52
42 42
54 45
22 75
33 19
66 53
48 52
23 50
57 32
46 52
46 48
55 100
32 47
42 48
50 71
59 3
53 15
38 33
43 4
41 24
59 34
44 65
43 44
39 50
54 96
42 43
64 64
58 63
47 28
42 68
47 71
43 86
78 31
35 25
42 42
59 13
48 57
66 38
33 11
81 78
74 29
68 42
60 48
47 54
49 42
52 78
72 80
60 58
43 52
50 60
45 89
53 69
48 24
60 60
39 27
34 19
41 74
54 68
69 44
35 46
44 61
57 40
59 33
53 49
44 28
54 8
68 68
31 49
57 34
84 36
42 65
44 67
52 49
59 50
59 48
33 65
58 48
39 56
43 63
61 54
58 98
21 33
25 66
75 48
49 32
53 56
58 58
59 39
28 65
45 48
58 56
71 29
43 38
39 34
50 34
46 49
19 58
18 55
50 48
68 53
41 58
36 40
8 28
73 17
13 24
77 58
61 71
31 78
58 50
47 45
82 63
61 67
34 43
41 25
60 28
47 48
64 72
66 55
63 36
33 31
27 31
32 55
45 27
40 68
70 55
20 60
45 58
20 18
48 28
88 51
77 31
46 47
48 67
67 17
53 3
32 52
56 48
56 56
74 35
77 49
31 50
64 64
72 14
53 68
48 92
7 41
70 21
37 17
59 75
47 42
43 100
45 48
77 58
38 29
49 70
46 72
74 50
48 61
59 72
58 79
57 35
58 41
25 46
7 51
56 41
73 42
46 21
39 53
40 72
61 64
61 51
71 72
54 78
58 45
68 40
40 57
81 40
61 65
79 49
70 41
62 48
38 75
38 31
32 62
55 60
50 17
47 28
68 58
60 41
63 34
65 68
31 48
39 29
43 37
71 61
50 42
1 65
76 64
41 38
57 69
44 33
86 62
84 77
82 65
44 48
46 69
63 32
52 27
35 20
32 62
63 47
54 14
33 68
59 45
15 36
43 67
42 57
57 21
54 49
42 60
52 78
51 65
22 45
46 26
72 80
86 70
88 56
50 38
59 89
38 40
62 56
50 48
37 45
59 40
43 38
52 59
68 22
32 35
58 42
64 34
49 44
60 35
68 51
39 67
38 67
61 59
30 59
51 44
25 66
16 24
60 40
45 72
50 55
49 29
49 52
45 53
78 45
23 62
64 29
16 52
89 47
50 45
35 60
1 53
42 26
55 77
52 25
27 59
43 47
68 61
50 71
42 60
50 42
62 17
40 64
42 7
35 84
32 54
47 58
45 76
46 92
63 55
44 53
29 38
75 41
49 31
40 47
73 35
54 48
35 39
49 36
27 57
52 23
37 34
48 4
71 51
62 47
44 43
49 65
50 62
59 52
34 25
77 49
66 79
36 31
46 57
45 53
50 54
56 72
63 55
43 58
26 39
36 66
52 80
42 25
53 44
55 32
28 17
30 69
51 40
37 54
54 66
71 14
39 57
58 35
56 70
59 34
35 33
36 76
33 49
63 51
55 26
49 40
44 29
59 48
53 55
21 46
68 56
28 23
45 85
75 55
54 25
72 63
45 65
45 58
52 47
46 37
55 38
44 74
50 48
13 70
68 21
82 31
57 9
48 70
66 54
37 73
27 75
85 35
14 95
79 63
62 47
30 37
57 69
63 31
69 44
36 51
63 66
72 53
50 69
15 52
65 45
47 61
19 57
41 24
34 88
33 43
54 45
32 49
39 20
64 62
81 48
55 36
22 39
45 27
41 57
56 51
34 65
45 50
54 50
50 46
61 66
46 47
34 55
57 66
60 45
56 26
55 28
62 46
6 72
63 65
45 67
41 37
55 53
56 36
59 28
37 55
49 57
61 48
35 64
70 46
56 42
56 53
69 59
70 49
46 50
38 57
51 69
61 40
85 50
35 80
14 34
62 58
65 63
49 64
50 66
57 59
30 46
39 75
3 69
13 46
46 34
9 63
52 39
15 44
21 27
33 48
55 58
37 55
25 61
41 50
50 51
63 48
60 36
35 54
61 51
59 40
63 61
56 46
39 55
32 41
45 48
45 54
33 36
76 68
56 30
42 35
48 33
58 47
45 55
29 41
48 58
65 40
30 77
79 43
42 83
43 55
48 46
46 56
69 53
83 59
71 53
38 27
20 75
47 59
53 70
55 43
40 33
40 66
42 47
45 54
38 20
24 47
35 15
51 31
37 62
63 54
32 24
53 42
45 36
42 26
71 45
37 39
37 48
34 49
47 55
27 55
42 50
55 34
75 43
38 42
56 22
52 15
80 36
39 56
32 67
30 71
54 42
27 64
49 60
42 60
37 13
92 29
53 67
59 52
49 77
62 43
62 86
64 37
57 52
25 70
23 73
70 58
54 57
44 64
54 30
79 42
41 54
43 46
43 58
75 68
42 59
50 74
61 75
37 58
45 10
42 41
53 10
53 51
36 53
94 61
60 54
40 16
17 53
53 52
45 44
47 64
22 47
50 54
63 85
34 59
49 74
64 25
8 37
66 51
37 78
70 47
58 26
55 19
48 62
38 45
78 48
55 60
78 68
40 84
99 44
40 29
56 47
50 36
43 57
43 68
20 17
59 71
51 40
26 78
27 52
45 74
51 48
60 72
34 25
73 47
12 38
66 35
57 54
65 66
31 66
14 55
80 46
73 61
69 61
53 51
49 32
44 59
33 65
23 81
36 35
42 45
56 34
49 61
55 55
45 41
65 50
67 70
50 42
47 69
60 63
19 41
41 36
37 36
46 56
58 59
42 63
63 37
50 34
52 72
27 55
41 41
50 59
58 10
41 37
11 50
29 66
50 65
50 53
42 32
61 44
62 28
54 56
52 59
34 51
51 48
77 30
68 31
15 58
63 46
40 44
50 36
55 49
26 45
77 52
66 44
78 46
77 68
43 47
55 37
54 72
49 55
60 53
89 51
44 33
47 55
30 44
40 64
89 64
58 36
46 59
32 80
66 63
28 47
39 63
45 24
56 57
75 73
75 47
57 32
40 59
33 81
64 52
63 53
68 63
50 36
28 39
41 61
31 40
64 42
72 72
61 38
63 51
33 52
71 34
53 61
47 42
65 45
41 53
45 46
19 66
50 57
48 48
33 32
64 47
40 47
38 25
64 26
42 40
42 79
40 41
17 58
30 71
30 80
58 62
78 67
49 49
76 46
54 39
23 90
43 92
13 19
92 57
48 48
16 43
1 46
67 72
42 32
32 43
44 41
35 39
40 52
76 86
75 58
46 32
30 43
80 36
39 43
40 33
47 36
60 51
49 70
58 69
69 40
42 60
38 79
44 45
50 43
71 50
68 72
36 60
57 45
24 62
70 62
66 20
37 59
44 62
50 61
63 74
32 60
47 61
53 49
30 42
55 27
36 61
43 61
68 64
71 29
45 24
36 43
39 63
43 47
50 68
64 53
62 83
45 38
65 54
93 30
58 60
54 50
37 49
41 65
57 11
31 64
60 41
73 40
67 86
62 63
82 42
67 49
31 35
35 70
36 41
58 35
74 31
27 46
77 65
32 58
40 30
63 76
52 26
59 51
76 45
55 22
50 60
39 36
63 42
52 47
66 76
45 36
35 42
54 72
49 30
76 29
74 79
24 74
53 19
60 43
62 90
35 62
35 56
6 39
67 46
51 56
46 68
67 70
11 20
46 44
61 43
78 38
23 99
59 29
46 40
36 42
63 56
25 19
42 33
62 99
37 46
22 44
46 45
52 70
21 81
49 69
27 62
68 79
1 48
58 29
39 23
45 44
77 63
43 55
45 69
28 67
66 82
38 43
35 70
39 13
65 26
43 79
11 53
7 53
36 35
60 57
71 52
47 62
52 63
25 32
29 19
58 67
57 64
42 39
69 37
57 65
31 66
76 69
54 26
82 58
66 44
47 44
53 50
44 26
21 53
5 50
56 53
26 47
48 72
39 42
30 41
38 33
18 70
52 23
55 38
35 21
50 81
35 43
50 78
72 63
55 26
44 43
63 53
42 63
57 48
49 70
20 29
45 57
43 62
10 21
64 60
57 47
36 47
52 37
35 60
27 71
41 42
22 65
64 27
54 27
89 40
85 69
52 57
28 73
53 41
68 63
63 61
67 55
36 60
52 55
79 32
36 45
53 37
42 60
63 48
59 70
11 56
49 14
44 81
40 69
60 70
47 17
50 61
55 72
45 37
70 56
57 64
42 57
33 54
30 50
28 39
67 64
36 24
46 48
43 37
44 85
58 45
58 3
57 54
32 32
24 45
54 44
38 34
40 30
57 36
22 57
62 63
28 68
54 38
73 18
44 73
52 54
34 30
34 26
52 50
75 74
63 64
47 49
60 37
68 35
51 53
96 63
29 77
45 64
25 1
70 49
69 85
41 57
37 25
72 29
60 35
49 63
24 72
20 25
29 39
54 41
71 63
44 75
45 47
52 45
66 76
77 62
51 82
76 51
61 57
59 45
41 65
28 20
57 47
46 34
64 58
46 46
39 43
29 49
63 72
54 56
68 77
45 36
67 65
55 54
52 78
52 49
55 60
44 43
48 59
57 43
63 32
45 62
41 38
67 56
90 59
43 42
70 50
44 66
23 47
31 26
43 76
33 82
40 59
49 36
42 67
13 50
61 47
49 61
78 56
33 37
49 48
70 36
40 52
36 43
44 65
70 82
36 100
51 91
42 66
49 77
62 56
57 57
52 70
53 71
58 63
52 63
37 50
51 67
10 45
49 43
57 36
31 31
46 53
51 71
52 57
33 53
81 42
30 63
66 72
42 39
72 46
48 78
70 62
59 58
49 39
57 72
43 83
17 69
17 39
67 55
63 37
57 33
70 32
45 47
25 45
52 35
22 35
32 48
46 58
39 34
48 53
60 23
47 56
52 8
31 63
42 57
30 63
42 68
24 60
75 51
59 28
45 84
66 69
76 58
37 22
48 70
32 18
54 67
56 34
65 38
52 52
44 62
64 55
35 32
79 64
62 47
50 69
30 44
54 64
66 20
63 56
44 51
46 41
53 50
61 49
40 49
50 62
59 71
26 40
56 16
44 60
42 43
43 61
36 80
33 53
65 36
53 24
41 36
71 68
60 55
34 21
32 69
65 52
31 66
33 46
77 46
55 66
62 31
60 48
56 49
48 51
56 48
61 34
37 52
50 39
77 61
66 60
48 82
65 36
56 41
38 44
52 19
35 31
22 57
59 55
40 48
53 77
61 34
55 64
45 46
58 43
25 55
48 30
50 70
67 20
47 67
72 35
48 23
49 61
22 44
32 32
43 89
51 47
27 31
9 54
39 39
68 21
66 33
34 44
55 26
34 44
35 49
50 39
38 52
60 53
38 61
41 40
22 28
40 65
42 69
33 15
43 34
24 55
57 36
84 44
52 32
51 64
51 55
80 43
30 58
16 59
81 62
61 53
16 50
54 64
68 50
38 71
54 49
50 73
37 47
44 35
52 40
46 57
7 69
68 55
49 70
39 43
16 62
53 50
59 68
53 38
49 51
46 55
93 59
54 75
58 60
50 56
79 59
38 55
51 7
54 52
11 43
46 43
55 52
62 73
65 44
36 62
40 57
43 62
46 36
32 46
54 92
52 40
55 44
24 38
63 28
51 57
35 76
20 56
39 49
44 34
61 26
61 47
43 41
34 64
56 32
81 34
51 44
47 44
81 27
28 37
58 65
52 17
71 44
81 65
81 69
47 38
39 65
71 33
56 61
33 49
77 82
21 37
41 65
52 36
76 7
76 20
41 40
64 30
31 51
60 69
50 23
32 35
20 35
43 23
51 43
37 27
63 44
39 50
58 39
33 44
52 35
65 31
76 41
77 21
40 37
62 75
33 41
20 31
42 25
26 39
54 55
69 41
46 24
50 48
50 68
78 37
68 33
52 55
26 64
65 50
83 20
84 48
69 38
69 72
49 71
82 34
71 60
57 34
43 52
52 50
75 59
48 40
67 16
56 44
64 66
26 46
32 56
40 35
41 53
34 57
68 50
35 25
37 37
44 63
64 56
50 37
46 41
79 44
44 44
77 53
27 53
70 67
77 46
51 51
64 64
55 46
54 22
85 73
89 61
47 50
52 38
42 55
34 53
37 35
30 24
27 71
22 45
58 48
36 25
39 43
67 37
55 62
61 43
72 68
67 67
73 60
73 59
24 88
35 51
68 39
58 53
28 65
16 55
37 33
45 45
21 61
56 40
79 47
40 58
56 87
54 21
33 68
46 56
46 61
58 32
33 60
27 22
71 31
21 27
75 51
60 60
54 51
52 56
51 29
57 46
60 48
42 44
38 31
68 48
86 65
64 40
44 31
32 49
35 32
56 38
44 80
57 39
56 35
24 37
38 82
53 51
53 65
27 45
43 61
53 51
72 81
51 49
67 27
22 44
63 41
33 43
41 47
45 18
55 45
50 47
36 46
66 27
43 58
62 32
80 5
70 64
66 42
33 42
41 37
83 39
45 66
60 35
72 13
55 59
41 70
21 45
20 71
23 62
29 41
77 47
39 70
31 45
62 49
63 67
38 45
46 14
57 65
77 70
36 48
57 24
41 43
57 41
44 35
36 21
47 54
46 49
69 34
46 22
22 59
30 18
48 57
56 36
76 73
31 42
49 46
32 59
52 56
36 58
46 44
42 62
52 60
44 34
39 22
43 57
73 52
39 49
69 73
49 35
47 58
37 72
25 43
37 59
54 34
37 44
44 45
50 68
57 43
42 51
37 39
64 26
34 57
67 62
53 68
34 32
53 53
70 22
52 84
21 49
49 48
49 28
44 47
41 69
54 56
40 57
82 44
56 73
46 62
79 55
63 51
65 54
50 30
39 80
42 80
46 41
42 29
75 89
31 15
31 81
56 47
54 71
47 53
25 43
63 70
37 40
62 24
33 43
42 34
48 35
56 55
65 63
60 47
55 68
42 46
73 60
70 56
63 53
54 57
27 46
46 56
39 51
56 18
34 68
51 53
7 58
48 47
44 41
28 94
62 61
70 70
58 58
65 47
64 52
31 52
46 48
38 60
33 48
39 91
63 48
56 46
43 40
41 62
37 52
46 64
47 56
47 48
33 67
60 35
55 23
65 4
32 55
47 56
68 61
51 42
75 33
41 42
61 47
11 69
30 65
56 40
39 100
44 73
38 45
35 59
60 42
93 48
25 39
84 44
59 63
63 24
10 58
46 64
46 41
55 61
40 59
53 54
41 50
46 25
50 68
43 67
67 86
55 50
33 34
54 49
71 40
45 40
43 55
51 37
54 26
30 58
23 33
61 47
29 54
48 80
29 33
63 47
57 66
57 62
23 49
5 23
64 7
25 49
54 46
27 32
51 67
30 56
48 62
66 57
65 44
27 17
41 62
49 83
76 55
26 72
69 46
43 56
43 69
17 47
44 52
27 58
30 78
55 44
40 25
34 46
51 48
49 62
13 88
55 55
45 73
61 28
36 52
66 91
81 38
52 50
42 41
37 64
39 41
51 33
39 35
52 44
48 26
32 53
59 24
50 70
52 27
1 52
56 46
31 58
33 60
66 55
50 44
71 47
32 35
16 16
60 33
67 63
51 65
40 23
45 42
59 53
62 61
42 46
51 68
59 33
48 59
51 55
30 44
44 47
83 29
77 83
35 75
89 63
61 59
41 1
61 53
20 64
53 31
61 52
43 62
69 57
52 49
55 31
58 48
48 75
46 42
62 20
34 39
72 54
68 63
3 13
22 46
80 48
62 62
60 52
58 54
39 41
45 72
44 78
76 48
52 31
51 43
62 58
52 46
18 37
32 31
60 47
37 38
43 75
38 72
56 60
55 8
80 44
53 98
27 56
47 63
49 39
70 86
37 22
32 90
63 50
53 55
66 54
69 69
43 64
57 57
50 46
60 46
30 50
24 71
42 69
14 58
67 50
52 39
49 40
42 60
60 32
80 52
46 48
31 56
38 58
38 30
57 74
46 59
79 75
53 35
12 43
63 61
54 57
75 43
61 41
50 68
54 48
31 58
59 14
35 71
33 51
54 53
55 54
42 36
73 50
45 48
34 42
69 82
51 70
52 70
48 53
28 41
90 33
89 54
49 72
43 98
23 66
59 33
59 59
39 19
71 63
31 64
14 41
71 44
58 47
15 48
55 37
88 23
61 52
52 28
1 51
66 50
39 18
28 50
92 34
39 50
54 52
22 46
18 68
67 75
61 24
30 64
93 44
48 49
44 47
81 53
51 44
21 20
38 60
100 53
38 59
40 60
30 51
67 16
58 46
48 65
53 55
56 70
49 56
48 35
46 14
56 38
60 52
47 37
34 1
59 54
30 48
50 62
19 48
42 79
49 17
58 62
65 27
48 44
44 61
31 34
66 75
50 70
98 21
25 73
55 52
42 44
70 36
56 39
63 39
34 28
62 47
20 41
83 38
61 55
36 31
42 54
66 30
30 53
66 82
44 44
60 58
63 71
16 43
60 44
37 34
67 72
71 59
56 61
87 54
34 47
37 89
34 54
49 61
45 41
64 40
93 79
75 12
34 39
50 33
56 56
40 47
63 21
33 46
37 48
57 61
24 25
43 67
65 70
15 66
39 77
91 40
61 64
53 44
70 52
53 58
44 54
69 41
58 67
54 35
31 54
37 50
39 76
61 48
42 54
50 49
28 30
47 42
43 63
47 44
60 47
34 52
56 40
35 72
6 65
45 4
34 43
65 22
51 60
48 37
60 74
33 69
47 18
62 44
26 50
26 39
47 40
56 47
74 37
51 34
55 42
18 55
18 37
46 60
25 47
15 54
48 19
58 69
51 53
67 44
52 41
89 69
67 68
55 31
53 53
49 54
36 42
76 28
56 30
72 50
70 44
58 50
55 59
6 30
82 57
56 51
62 46
66 20
40 47
55 64
41 60
63 46
56 47
74 89
54 33
73 49
30 36
40 41
65 73
52 41
41 67
50 22
63 77
29 29
36 81
28 37
59 41
37 45
27 59
40 91
52 27
11 30
69 46
67 62
39 56
51 42
49 45
41 30
45 44
39 1
34 48
63 50
70 56
46 63
60 41
62 56
76 51
28 53
62 37
48 32
67 86
78 53
31 57
29 32
37 40
45 59
44 63
100 38
37 76
24 62
24 78
42 66
84 54
48 57
60 54
30 30
54 59
35 29
40 63
49 60
44 59
67 58
50 58
53 40
47 66
58 48
53 25
53 86
59 47
25 30
39 65
34 33
46 63
54 67
55 13
61 49
63 29
62 39
44 13
52 27
68 69
52 30
51 63
55 60
67 46
70 55
62 65
53 49
58 79
71 74
62 55
68 60
29 13
27 42
22 49
52 40
60 43
52 36
45 42
8 72
55 43
64 25
100 59
44 9
27 26
46 76
18 65
24 74
57 65
44 62
43 36
37 46
32 59
47 70
56 50
31 54
49 65
61 48
48 62
50 67
45 57
57 63
50 75
24 17
34 37
69 34
46 31
32 43
57 43
42 47
64 76
35 38
64 45
62 53
40 48
67 57
51 55
45 73
49 21
36 28
64 62
47 54
67 82
73 28
27 54
68 22
35 59
71 50
30 30
32 42
90 47
34 51
67 38
34 33
21 49
21 78
26 41
49 58
30 62
54 68
28 49
89 52
40 29
71 28
34 47
45 19
26 48
60 28
9 63
31 61
41 48
74 67
43 39
54 55
16 48
36 70
28 30
72 33
43 35
33 31
38 61
30 69
51 65
38 48
52 69
88 50
49 60
42 35
10 68
48 52
85 41
71 40
37 51
54 41
35 39
53 54
41 42
30 61
41 67
25 54
41 52
33 55
60 51
55 18
44 44
53 38
22 86
35 41
35 56
61 55
18 56
46 67
49 43
43 60
35 38
75 56
44 79
69 61
50 58
44 54
64 65
56 35
52 48
58 22
56 49
71 49
23 76
40 29
64 49
31 55
47 17
66 60
37 66
27 15
60 75
49 34
76 42
46 32
26 25
32 24
66 46
26 70
54 61
31 45
39 77
47 35
44 40
64 49
63 14
38 21
60 66
80 57
37 60
30 52
45 47
66 54
37 33
21 66
42 42
57 53
43 36
32 83
64 60
60 42
73 24
72 59
45 21
47 47
68 16
77 44
50 45
72 54
71 61
47 85
41 58
33 61
47 63
64 41
39 43
35 37
60 34
69 36
21 43
17 83
41 65
67 39
72 46
80 55
82 56
50 67
46 44
26 39
49 28
42 59
31 58
71 46
88 61
37 19
45 13
62 52
51 76
64 33
70 46
43 17
78 68
33 45
57 45
43 71
41 69
65 40
75 74
63 44
48 29
51 67
34 36
45 57
57 49
46 50
72 42
66 44
64 48
43 50
62 36
54 67
43 62
49 17
51 65
47 62
24 26
27 20
68 73
78 40
54 53
34 25
62 48
43 30
61 50
44 63
36 44
30 64
57 40
34 57
51 53
42 75
28 26
80 61
53 62
48 48
64 37
22 61
76 35
51 62
53 51
85 39
26 22
36 76
52 40
49 55
36 49
43 48
58 46
67 17
50 31
38 80
66 17
16 71
56 69
53 39
58 76
56 48
42 42
55 97
56 26
52 66
37 80
43 34
25 44
47 52
26 68
48 52
53 15
81 43
50 49
32 20
45 55
93 63
57 50
39 32
60 43
45 37
55 56
48 42
30 44
55 70
16 36
56 51
63 8
54 39
61 27
62 22
50 38
48 22
67 61
78 63
30 51
37 27
67 20
33 87
77 61
43 43
61 42
76 53
41 65
22 75
29 56
12 44
61 48
37 46
37 52
59 35
51 43
41 30
52 58
55 47
79 52
57 51
57 46
33 51
38 56
35 23
22 34
72 54
59 57
59 76
79 37
54 59
43 70
40 43
48 66
54 38
73 47
30 36
49 58
40 58
68 48
61 65
66 50
59 46
52 61
54 67
36 38
42 39
51 49
75 57
45 82
43 40
27 53
69 24
69 60
56 47
64 65
74 22
74 79
30 23
67 54
58 50
53 25
29 27
49 47
34 36
38 45
28 80
33 74
35 42
56 53
21 57
70 57
34 32
26 61
49 36
58 54
56 51
50 56
39 38
54 13
40 84
33 62
66 69
26 41
39 26
24 56
65 56
50 40
63 68
59 38
39 21
40 80
42 46
82 45
25 56
61 37
53 43
76 45
60 68
56 49
47 53
60 42
76 90
70 35
22 45
43 58
48 38
29 53
55 56
45 83
52 53
37 53
38 30
71 55
43 45
40 45
32 38
39 29
35 81
52 56
48 44
85 72
76 69
51 46
70 47
31 67
64 23
34 79
48 27
52 64
24 41
55 32
41 64
48 77
66 60
35 43
43 38
42 49
56 59
61 64
25 59
54 53
68 59
28 52
51 57
25 54
39 75
41 54
55 21
45 63
30 51
38 40
53 39
59 46
30 32
26 34
49 63
38 45
47 72
65 49
28 42
51 48
43 52
65 56
34 59
51 58
68 91
28 80
51 57
36 50
51 69
62 54
64 67
48 42
53 37
60 47
55 36
37 83
30 68
40 72
57 57
56 26
26 54
38 69
38 59
46 29
72 54
56 47
54 63
57 22
61 52
39 55
58 55
39 19
72 73
35 55
68 68
56 66
68 62
29 32
55 45
17 77
48 48
31 39
42 64
58 46
59 79
34 32
51 65
43 77
51 56
46 69
47 41
55 64
92 34
54 53
50 33
51 78
58 71
58 43
47 23
33 74
33 31
72 36
56 43
42 62
21 44
76 51
51 69
52 63
54 75
36 48
60 46
54 44
48 31
37 85
42 16
31 76
64 43
70 61
33 29
71 74
65 81
28 47
31 46
34 23
43 47
33 67
53 26
71 58
60 63
45 50
31 74
57 71
17 57
19 37
50 60
13 25
39 65
29 26
48 41
20 34
52 22
51 30
34 44
41 61
57 27
18 76
60 47
35 29
66 40
44 60
59 31
75 61
33 25
61 11
58 35
91 45
48 69
53 32
51 57
55 65
39 51
76 47
26 56
69 47
52 57
91 63
44 37
60 80
69 78
50 43
32 40
30 54
18 48
43 44
24 68
74 44
7 57
70 27
58 49
52 49
68 71
25 51
43 41
70 21
32 71
42 16
66 61
52 56
47 34
43 45
24 49
42 46
58 32
33 57
48 47
34 42
39 54
57 38
49 70
36 67
80 39
27 46
55 51
54 70
56 42
35 84
65 31
31 72
60 63
68 49
49 70
43 49
15 63
51 48
60 19
35 67
50 69
38 69
59 54
49 40
29 64
63 57
1 78
64 44
25 95
49 60
29 71
40 44
41 35
54 49
41 65
77 43
64 32
88 48
47 50
67 37
56 40
67 56
48 80
55 49
45 69
39 73
80 68
55 71
49 41
63 28
57 31
47 48
38 66
33 32
36 53
50 51
65 70
51 63
40 21
28 56
44 42
37 49
21 47
68 36
65 65
62 57
77 52
78 52
93 76
47 75
29 42
52 54
31 71
28 43
59 55
64 92
86 67
53 33
52 38
31 42
44 65
38 53
56 43
20 34
18 30
34 67
38 63
54 59
54 42
72 43
67 38
57 68
36 68
41 43
37 20
45 79
55 56
65 65
40 65
65 48
63 42
49 73
60 68
39 67
62 90
22 54
85 35
75 39
41 35
47 37
45 51
15 18
49 68
51 54
42 58
40 82
27 56
48 47
48 21
26 55
55 57
53 56
44 53
58 70
47 55
58 38
47 90
20 44
33 56
78 35
21 73
32 55
26 53
64 51
69 48
80 53
63 76
66 39
73 42
65 44
61 32
54 6
48 36
56 58
63 51
58 37
50 44
56 37
87 58
59 62
72 24
68 82
55 84
50 38
61 38
65 17
33 63
55 39
26 22
62 60
53 50
41 40
85 67
69 57
44 40
46 64
21 76
29 45
45 53
59 64
74 58
31 26
51 63
43 55
73 37
33 64
37 35
69 57
87 58
9 21
31 52
57 67
62 38
30 62
62 19
54 44
70 33
76 28
42 51
80 16
29 53
47 27
54 41
70 53
53 50
32 59
61 58
41 54
57 24
45 35
61 56
77 71
74 40
36 20
21 40
73 54
45 49
23 39
52 65
23 48
68 66
68 51
57 45
64 53
53 49
40 65
33 44
75 40
36 58
43 34
73 64
25 54
65 49
64 47
35 55
76 47
40 48
73 48
41 70
49 53
81 61
65 73
56 45
61 42
45 54
80 64
49 65
13 39
67 41
41 58
43 72
23 30
41 54
55 40
68 64
47 47
62 48
46 32
47 32
37 34
20 48
45 45
22 43
20 72
58 83
39 69
52 36
54 50
67 63
50 32
61 58
34 52
29 88
55 35
52 45
42 71
48 36
15 58
42 63
65 33
39 53
53 45
54 48
69 47
50 57
36 47
30 50
44 63
70 66
30 36
25 83
50 38
53 50
60 58
65 31
96 66
39 66
69 33
49 68
49 77
44 79
49 54
64 50
72 51
48 46
34 43
51 25
32 74
52 78
70 40
17 51
62 54
45 67
36 56
69 71
64 92
32 61
54 48
61 74
74 41
54 46
43 68
38 37
64 58
51 60
45 63
33 37
40 82
44 35
56 40
58 45
55 56
44 43
63 75
37 52
37 57
59 12
50 71
54 44
45 41
80 41
59 54
58 54
49 23
60 45
63 46
41 13
71 55
45 36
55 46
62 63
66 48
66 62
64 27
35 34
45 67
54 61
59 49
41 100
6 61
69 53
53 50
53 41
36 48
49 41
48 36
54 39
27 71
45 75
35 43
71 30
41 45
26 62
31 58
51 46
33 66
56 32
16 31
38 52
54 80
39 18
18 44
51 67
47 43
51 1
26 19
60 37
33 35
66 61
75 53
20 38
75 64
31 66
72 42
20 33
31 56
40 49
46 57
53 53
30 47
34 49
20 41
49 81
39 32
48 57
79 41
49 36
53 50
30 60
60 44
36 50
55 71
48 68
35 26
58 41
24 61
29 51
68 58
39 30
35 20
57 66
1 42
18 57
40 57
60 44
51 11
53 56
68 43
65 61
43 78
39 58
43 57
61 70
79 57
4 32
66 58
51 32
83 46
40 76
44 39
34 63
53 76
40 60
85 58
65 66
61 27
59 44
44 23
58 79
57 64
66 42
64 34
64 65
32 70
69 33
42 39
46 26
36 61
44 77
39 47
22 68
43 57
63 47
60 59
11 52
40 36
41 50
28 54
16 55
51 84
43 44
45 15
48 25
46 46
52 52
72 54
26 60
5 55
81 61
92 35
51 24
57 69
49 40
49 37
50 41
67 69
39 42
48 23
27 33
51 37
37 87
62 53
54 40
58 20
53 49
23 28
25 51
45 30
47 60
39 49
68 62
51 40
35 39
75 49
44 70
60 71
51 29
52 80
44 44
37 65
52 42
58 41
39 44
78 40
62 53
60 30
62 94
48 59
52 62
65 67
61 30
65 57
11 42
46 84
34 44
46 62
50 76
23 90
49 35
46 57
78 49
56 38
26 41
50 25
48 42
42 55
41 27
57 50
90 58
62 71
33 21
63 79
41 47
44 49
28 43
50 56
81 77
50 36
60 52
59 41
49 58
46 41
76 48
67 66
57 44
53 38
65 59
67 44
53 56
55 71
76 54
48 50
18 61
27 9
41 42
60 40
35 58
61 46
72 77
36 55
38 68
23 47
63 34
54 66
73 45
2 57
76 47
29 28
54 55
47 70
36 42
73 38
54 51
30 37
71 50
37 57
18 62
43 54
83 63
28 34
43 28
58 74
51 37
59 79
47 39
50 38
39 45
65 54
49 30
61 65
52 34
76 28
36 34
61 73
36 41
55 51
44 47
51 81
71 40
37 53
56 36
65 25
38 46
43 37
44 48
66 43
60 80
72 69
48 75
62 57
45 55
50 45
84 48
27 41
24 72
35 42
46 68
65 37
22 62
88 68
31 72
52 50
22 77
53 73
77 80
42 50
46 43
64 16
53 66
39 61
74 20
26 49
41 30
69 43
31 46
48 68
53 49
49 41
39 35
70 38
48 40
40 43
50 36
46 44
73 29
47 70
21 45
49 52
61 41
68 47
67 52
39 25
21 43
58 61
44 31
55 71
45 37
49 43
47 49
35 67
54 48
82 38
50 55
16 18
32 61
65 87
28 61
46 67
94 57
41 60
37 57
25 51
37 21
56 66
75 55
45 46
70 67
39 75
33 66
29 25
20 39
34 39
41 33
39 40
42 44
53 28
52 66
43 39
24 51
43 68
64 65
31 47
52 58
27 75
57 30
65 61
83 50
37 41
51 31
74 38
57 37
70 59
43 48
77 57
19 45
45 69
35 39
26 15
68 66
45 54
3 39
38 48
53 55
58 47
59 68
47 57
38 46
57 29
51 72
42 93
33 46
61 90
56 40
63 29
35 20
30 28
42 63
34 77
36 39
64 62
53 71
64 49
81 31
72 34
83 59
50 25
54 73
25 26
55 73
59 38
37 37
50 49
15 63
52 70
28 41
27 47
68 33
70 17
67 29
65 25
61 56
54 66
68 69
26 49
52 82
2 60
48 64
38 50
29 42
50 63
44 53
55 56
31 74
53 45
64 31
58 72
41 33
73 38
37 66
40 73
64 62
52 55
36 41
59 71
48 45
78 33
2 21
30 74
38 42
70 54
41 50
44 47
38 49
11 70
27 47
43 61
67 67
31 61
27 44
20 61
40 73
32 55
22 61
26 59
56 55
51 55
37 55
44 34
55 56
21 34
44 53
66 54
41 66
58 45
50 46
68 69
43 60
61 40
52 38
42 44
46 38
50 37
83 56
33 56
50 55
14 81
65 45
17 59
35 41
43 91
50 55
30 47
27 56
42 32
41 34
38 68
40 60
34 67
29 67
56 18
60 55
67 34
65 43
53 42
61 36
35 76
67 66
62 57
41 67
31 50
38 82
56 49
53 48
50 27
54 64
25 22
43 53
71 59
24 48
32 32
77 35
47 58
51 58
55 32
49 55
54 19
33 51
36 23
25 60
44 56
43 49
48 44
41 29
44 84
49 42
64 61
79 38
63 34
60 53
60 42
44 44
66 34
55 71
75 68
37 25
34 25
46 71
30 47
32 25
34 34
65 38
36 46
77 32
53 34
52 80
67 67
88 56
69 48
83 72
29 26
58 55
40 52
62 58
58 51
43 52
69 25
71 27
34 24
48 22
45 52
68 65
42 60
21 53
60 51
69 55
83 20
1 53
65 47
46 74
72 60
66 8
18 39
35 38
69 53
50 30
62 43
56 59
38 53
28 30
15 35
40 68
44 53
53 43
27 35
47 55
37 66
56 61
23 38
70 7
48 50
29 33
48 48
47 91
30 33
33 44
37 65
71 47
65 50
59 50
62 47
46 41
42 12
40 69
61 71
27 32
51 51
37 68
56 36
37 56
40 71
6 72
66 46
42 49
64 55
53 55
50 58
78 67
32 40
57 22
43 38
44 66
61 64
31 26
78 19
39 60
55 43
54 53
4 51
51 46
89 52
59 45
31 58
44 27
57 65
41 72
41 16
41 21
50 60
42 37
20 62
35 57
27 51
76 62
64 34
61 41
60 56
45 64
51 39
31 63
15 64
46 14
46 32
48 53
30 72
40 37
68 30
1 52
75 40
55 46
57 45
54 51
41 76
43 40
44 70
49 72
6 46
84 23
76 60
57 32
70 28
47 47
69 36
59 47
85 54
55 57
32 55
86 50
77 21
64 58
46 54
59 43
60 63
44 54
62 50
56 38
44 41
28 41
54 57
65 21
57 68
22 59
44 71
67 31
56 10
73 56
19 74
63 12
36 21
25 47
30 38
58 40
38 40
59 34
51 53
34 57
45 64
63 31
64 45
68 48
45 64
50 54
34 64
73 34
49 53
75 32
45 45
35 24
51 42
45 82
33 71
45 41
33 40
61 38
58 40
31 41
60 34
58 70
48 46
68 64
20 47
41 26
46 77
64 50
39 52
23 57
78 40
25 84
31 73
40 21
51 45
42 26
37 42
44 43
69 42
71 84
40 40
68 29
56 42
31 34
44 26
47 73
48 22
71 38
15 38
47 25
45 60
46 18
75 70
13 54
31 19
39 42
31 56
32 63
49 43
66 46
27 34
51 55
37 60
59 61
84 29
34 30
43 34
42 20
25 41
75 59
64 42
37 48
24 82
36 38
34 14
50 56
69 77
54 44
24 32
64 40
38 50
29 68
39 60
49 64
38 52
70 46
53 55
54 60
55 42
60 65
50 49
28 70
55 84
48 32
80 43
44 71
67 59
42 16
69 77
36 64
30 47
68 56
39 43
67 20
51 59
62 50
31 35
33 40
48 40
29 54
41 76
50 26
90 73
47 58
40 51
78 57
44 44
50 33
48 38
58 76
21 44
58 58
58 23
50 38
48 2
10 28
88 33
37 49
64 74
71 66
44 60
52 40
48 50
58 48
56 69
59 51
39 49
41 38
63 48
66 66
52 41
50 44
51 44
34 65
66 43
21 68
82 66
51 32
15 28
20 46
64 58
48 71
55 30
34 66
63 35
39 38
51 64
24 44
24 61
57 37
39 45
57 65
47 54
57 53
23 14
62 42
46 60
55 47
71 32
23 49
48 82
52 78
74 58
44 45
57 56
40 26
92 15
43 39
67 78
56 69
42 56
73 44
33 70
48 23
61 34
38 63
56 21
14 64
48 48
82 34
24 46
56 64
63 54
34 50
53 68
30 39
87 80
38 59
77 29
27 43
47 36
36 40
65 59
26 38
65 51
33 36
31 21
72 12
34 36
72 55
73 46
85 18
35 29
20 77
40 44
71 58
38 35
22 62
58 55
52 69
62 79
38 58
20 32
47 72
61 54
58 63
42 58
31 49
49 26
40 48
54 44
33 50
84 1
36 30
97 83
37 49
36 27
15 31
75 64
56 44
51 46
42 65
45 51
70 61
73 52
41 43
49 59
44 56
79 29
49 57
23 19
50 43
63 63
26 69
51 65
44 98
60 50
27 47
54 57
41 41
47 33
35 50
57 33
36 58
31 43
46 39
40 59
53 40
49 66
46 46
40 61
73 46
35 76
44 40
56 32
45 58
38 47
36 58
42 45
50 34
58 55
47 63
55 83
71 47
28 68
64 66
81 68
31 33
34 65
73 67
80 76
56 81
51 72
22 56
51 64
55 60
32 58
62 54
42 22
33 66
76 40
58 55
39 67
74 84
33 53
48 61
36 40
57 32
67 48
68 31
55 63
34 53
15 55
57 64
51 55
64 49
44 46
64 34
52 76
62 46
97 39
45 52
66 20
58 45
37 83
35 46
42 60
31 35
62 48
73 62
42 50
64 37
70 27
21 65
33 64
41 53
54 42
67 70
57 48
37 51
71 32
58 90
29 46
61 31
59 46
48 70
78 56
60 57
72 53
35 49
23 36
48 33
57 61
44 61
33 56
60 57
28 61
53 44
89 69
50 77
30 56
8 53
59 55
51 63
55 35
60 69
45 40
58 47
52 53
66 39
58 47
38 38
39 85
78 38
16 41
57 70
52 62
51 57
31 41
24 53
9 76
68 26
79 10
70 50
23 52
50 69
49 57
64 30
11 23
52 46
85 56
43 56
50 58
53 27
68 41
42 55
42 64
80 46
47 10
69 56
53 50
21 48
59 54
83 51
59 41
82 52
80 69
63 76
42 68
52 65
34 34
62 62
41 61
44 61
44 34
20 47
63 63
37 53
64 58
18 38
36 46
51 91
74 40
53 38
57 39
58 56
73 48
57 34
81 93
28 60
40 70
34 48
75 23
35 54
19 39
22 48
68 30
52 70
40 52
75 46
14 61
55 48
89 33
57 94
51 31
74 70
78 58
22 47
38 41
62 61
39 68
60 50
30 73
68 59
58 32
58 39
42 42
48 46
40 63
49 41
17 42
40 57
53 75
53 60
56 28
40 56
47 63
48 56
65 67
45 61
29 45
34 27
43 64
40 7
33 64
76 55
66 41
44 72
27 62
52 28
66 57
31 76
37 29
47 33
55 30
43 51
35 65
58 40
87 28
44 70
64 26
53 50
42 26
69 57
43 38
26 28
62 58
60 46
71 36
12 51
50 81
42 43
54 60
54 54
52 68
39 60
40 46
1 80
56 64
37 41
52 62
54 42
52 26
44 63
45 58
39 51
36 63
33 41
29 48
74 49
46 58
30 44
43 57
26 28
55 55
48 73
32 69
65 67
42 49
51 34
57 47
67 90
32 32
65 46
69 41
35 41
53 75
60 34
49 65
42 40
21 39
57 40
51 47
58 33
49 52
78 70
56 37
39 43
44 65
54 20
40 38
31 78
40 30
82 50
69 58
33 69
53 50
32 64
34 26
69 42
33 40
24 64
31 50
46 47
38 54
31 53
40 71
45 38
45 38
43 65
40 62
43 22
29 66
29 18
40 45
22 42
51 47
34 43
48 29
33 34
66 50
35 46
47 63
67 40
62 53
53 27
56 53
37 20
29 9
54 63
61 56
51 58
76 68
65 16
32 59
46 76
48 45
58 33
19 66
44 57
63 71
40 54
69 50
51 64
30 61
69 41
30 81
59 45
43 29
62 64
54 44
75 47
44 28
76 70
76 43
28 33
43 62
65 58
23 31
57 64
52 57
30 33
53 30
49 5
41 20
76 64
65 34
64 49
56 41
46 50
72 42
41 23
71 51
30 65
58 48
72 57
19 39
56 35
68 20
50 71
50 42
55 84
62 44
62 54
47 61
81 52
46 64
42 70
59 34
67 59
66 43
56 39
26 32
29 43
44 40
71 60
48 56
34 14
68 53
40 51
38 37
41 45
70 38
22 49
94 63
27 56
33 68
65 25
83 72
40 67
69 43
47 56
60 54
42 50
44 54
21 39
61 29
32 28
63 58
69 51
47 15
40 10
61 29
37 36
56 51
48 57
35 29
60 63
63 100
76 56
74 65
53 41
34 11
45 1
51 68
52 26
75 38
42 57
72 29
41 38
48 36
62 46
15 78
48 55
52 24
50 57
63 34
28 47
52 53
77 50
27 42
54 34
53 49
32 57
45 82
56 58
80 34
20 35
38 34
62 33
56 28
47 49
40 41
53 37
54 68
27 61
59 41
59 76
36 42
66 35
56 9
43 49
53 39
25 27
57 29
60 46
46 47
32 23
49 69
47 40
53 51
48 45
87 44
43 58
33 45
43 75
79 25
44 33
17 23
47 83
21 22
39 52
47 42
62 24
23 66
29 36
45 39
36 54
67 27
63 41
27 53
44 52
54 44
26 46
62 56
68 51
36 61
55 39
66 32
30 52
57 24
56 56
66 53
54 46
51 41
68 45
62 45
64 38
59 59
76 62
56 64
9 59
52 35
25 47
43 50
54 21
69 57
29 57
35 53
54 27
35 51
51 53
47 35
43 47
87 22
61 61
80 30
37 39
54 29
64 58
52 43
30 71
56 78
43 30
85 54
47 67
60 72
56 50
49 46
43 42
21 72
65 74
84 46
59 52
84 48
51 40
42 31
63 30
31 54
59 88
60 58
71 23
16 64
40 26
17 52
66 32
28 51
59 48
24 85
69 21
92 63
16 42
47 74
49 42
62 50
80 29
54 65
41 16
69 71
52 53
25 37
61 61
45 53
67 66
48 43
83 65
49 54
29 29
39 59
51 70
39 36
71 50
5 73
29 56
97 67
48 37
52 56
51 45
20 58
52 43
56 44
39 65
39 37
50 36
56 39
50 41
32 68
35 80
29 36
52 44
78 48
40 65
40 55
32 46
24 74
63 82
50 82
63 71
56 64
64 47
61 46
50 72
65 62
43 50
46 32
67 67
44 49
57 42
81 53
49 44
61 43
38 59
36 66
53 58
38 53
67 49
73 43
64 41
54 56
54 40
45 66
72 34
60 50
38 64
21 27
53 42
32 62
57 53
51 28
57 51
22 52
25 62
63 73
43 60
24 23
22 57
53 86
26 74
25 37
31 55
66 50
37 10
69 53
21 36
48 24
63 67
87 57
66 32
73 34
33 61
56 47
61 56
78 49
53 26
31 100
33 53
11 59
64 35
35 52
39 48
58 32
51 22
45 37
31 35
53 53
33 66
52 68
36 36
67 38
51 65
42 59
42 43
51 52
46 31
34 45
46 46
32 44
20 33
80 18
49 83
64 67
75 45
74 42
57 69
56 40
56 29
58 60
69 63
37 14
57 52
34 43
60 60
69 35
81 73
41 60
40 44
53 28
63 42
50 38
63 42
73 49
47 73
58 55
25 48
32 33
53 34
41 45
35 36
45 72
58 50
14 51
17 17
69 19
79 51
54 57
56 36
61 29
71 33
44 62
62 60
48 40
71 68
54 57
78 65
45 41
17 52
59 11
76 86
46 81
62 49
45 60
37 62
30 88
35 52
62 44
52 58
46 19
49 58
47 40
62 69
46 29
62 37
49 42
22 93
23 60
71 33
58 40
29 39
36 58
52 25
69 65
25 48
68 25
59 21
62 35
28 14
44 55
50 42
75 47
42 57
74 61
30 34
31 56
63 77
38 65
57 41
48 58
67 45
49 26
49 62
79 97
76 56
39 73
69 66
28 44
49 41
44 60
79 58
42 11
56 36
45 28
51 57
28 32
73 65
5 41
56 54
33 47
53 50
37 48
41 82
52 61
53 47
4 45
66 43
45 50
72 45
25 52
58 55
63 51
48 52
27 76
68 75
62 55
61 65
41 52
19 42
51 72
51 41
58 36
75 65
56 59
47 61
34 56
42 37
37 46
32 33
49 35
17 55
58 61
26 56
32 52
49 40
23 61
46 38
51 67
80 44
43 40
43 60
88 48
47 45
69 45
57 47
24 68
45 23
43 21
67 67
59 35
58 47
51 70
26 42
42 10
1 39
65 63
17 61
69 36
37 43
37 42
46 82
36 45
64 32
73 43
47 46
63 63
77 65
29 53
45 41
43 65
5 24
62 63
75 95
32 55
67 60
48 59
97 49
34 44
35 49
49 60
70 49
47 45
68 25
52 43
32 58
52 47
60 41
33 91
81 38
44 57
24 44
23 33
60 66
25 37
82 46
26 51
51 68
60 28
56 32
44 22
26 34
29 35
30 54
71 44
55 74
1 83
55 43
40 64
55 35
25 37
35 50
79 57
45 73
40 52
51 43
64 35
22 44
56 47
58 46
56 58
68 36
73 66
52 46
50 57
67 30
86 55
32 59
57 56
64 17
29 43
32 32
40 27
60 26
50 26
38 52
46 60
44 61
70 47
38 27
41 75
44 74
43 38
36 81
39 86
50 64
40 47
38 32
56 47
74 31
26 34
41 51
30 25
36 61
66 27
70 41
57 39
39 21
62 24
43 84
38 61
85 62
39 31
24 40
58 21
93 66
32 56
55 46
50 56
56 56
45 50
39 11
18 35
61 71
48 41
81 59
96 69
63 23
42 56
40 50
58 62
58 27
48 55
51 45
55 32
70 41
17 75
69 71
17 34
26 37
52 67
63 35
77 44
58 84
42 49
32 44
53 39
58 70
73 56
34 62
67 32
42 59
63 34
29 23
51 72
48 31
34 26
68 50
49 31
75 63
58 56
83 20
35 45
71 61
49 52
50 45
31 29
38 66
13 59
20 68
74 52
32 47
34 35
43 68
25 67
45 57
38 57
38 45
46 51
30 63
53 20
21 25
37 62
25 32
56 70
55 54
72 56
34 33
56 39
44 56
27 62
47 56
31 56
65 67
43 82
63 26
83 59
66 56
69 61
53 32
53 42
54 37
61 72
51 57
65 53
37 80
58 27
65 56
59 10
32 64
94 63
68 36
57 46
40 55
56 38
53 41
32 35
37 36
41 27
56 55
49 39
29 41
74 77
51 21
45 62
59 42
57 55
93 41
36 54
85 87
57 53
85 74
56 36
56 25
29 32
69 41
36 47
32 40
43 33
50 17
39 57
48 43
62 35
49 60
53 41
66 37
47 72
49 53
42 62
45 43
47 68
41 26
43 30
61 39
28 66
60 46
28 34
73 70
67 71
57 72
55 54
27 61
59 52
80 58
8 50
26 46
30 28
30 17
61 47
6 70
56 55
58 35
64 71
66 25
78 47
52 46
31 24
45 49
56 48
79 61
44 48
46 35
41 24
27 49
37 57
80 59
45 51
33 1
43 48
61 76
40 37
35 18
41 49
89 57
80 47
65 60
58 43
40 43
32 54
65 57
83 65
27 18
18 63
73 98
42 24
60 50
33 57
91 73
68 39
46 45
44 45
46 38
38 61
27 90
57 85
53 34
36 25
54 41
34 35
51 66
28 56
56 61
90 81
100 69
52 66
52 52
79 20
59 42
17 54
59 59
38 63
44 26
53 76
41 28
21 47
53 15
57 56
38 32
41 38
62 52
68 49
45 2
36 76
50 49
46 80
27 68
29 42
49 95
67 68
42 10
47 15
37 81
57 50
70 40
79 46
61 62
46 35
66 52
14 22
59 47
71 48
48 65
37 46
55 75
89 83
40 51
49 61
59 61
65 33
53 44
62 59
30 21
31 44
55 39
49 28
64 63
44 64
59 86
25 67
68 59
39 58
30 78
69 74
41 46
56 59
45 27
48 24
38 35
59 36
43 55
69 37
64 57
44 57
35 35
51 63
76 73
41 47
69 45
25 19
30 27
47 31
33 68
25 36
93 71
75 17
84 64
36 24
29 73
37 21
18 20
52 36
73 37
43 58
73 17
53 55
61 26
40 55
51 57
46 75
17 73
57 34
71 58
57 65
44 35
49 56
53 80
47 75
47 41
44 49
55 50
23 41
52 54
58 57
55 85
55 80
34 49
52 28
63 49
35 65
71 37
73 34
25 24
55 14
66 55
27 42
30 57
30 52
44 74
32 42
44 72
33 36
49 54
51 51
63 56
66 79
50 68
36 42
36 19
72 32
11 51
57 55
43 32
62 48
22 46
66 43
54 55
44 49
31 26
59 78
45 67
53 64
44 39
17 47
31 48
32 37
41 59
65 64
57 32
34 41
70 60
79 14
91 43
41 17
70 66
31 35
27 12
59 68
33 27
56 61
44 48
48 71
42 39
50 40
40 39
80 55
64 25
35 62
73 57
62 28
33 46
31 64
50 48
54 28
89 35
48 60
39 37
52 68
25 81
50 60
36 32
41 50
27 44
50 57
62 38
85 50
34 98
60 35
48 50
61 48
67 29
13 38
73 45
30 72
72 58
63 16
42 57
38 67
65 66
85 55
58 46
77 66
62 16
57 77
19 61
64 45
39 74
47 19
48 60
35 69
54 62
65 71
70 60
76 41
37 67
69 45
48 58
41 68
73 63
65 57
66 24
37 66
58 25
86 66
26 40
75 38
22 51
59 58
48 49
29 60
67 62
41 61
30 47
77 58
28 56
71 26
37 48
52 59
35 62
49 59
55 20
37 20
72 95
12 57
62 73
36 86
69 50
43 42
72 32
71 59
39 35
64 40
34 36
57 66
36 28
43 52
37 33
27 65
42 100
91 51
46 33
17 22
27 3
78 51
81 59
46 45
51 37
39 35
37 23
29 46
57 36
55 49
40 53
77 46
54 32
65 52
66 67
59 56
47 52
32 54
39 12
42 51
35 26
42 51
66 69
43 52
67 38
54 86
1 24
32 34
21 30
29 54
67 32
53 54
40 6
24 46
23 53
29 39
42 49
53 61
77 49
39 52
24 52
39 29
63 60
50 43
46 29
25 34
48 67
47 20
60 42
43 58
42 33
32 53
43 34
34 29
63 58
41 54
57 40
67 8
40 55
68 79
36 68
41 48
78 22
44 64
59 23
33 54
23 58
20 53
49 29
62 62
71 58
48 40
60 59
45 50
1 67
41 43
24 21
61 53
36 55
47 68
69 54
38 46
38 100
36 78
59 32
20 64
60 60
47 66
25 42
50 55
43 44
51 37
26 50
70 29
63 45
92 7
58 65
15 54
69 47
31 39
64 27
40 26
52 8
53 57
45 67
79 65
9 57
39 35
78 83
72 64
52 47
29 35
76 68
59 36
55 37
64 53
44 43
78 48
26 55
39 58
54 42
73 46
45 37
61 67
65 47
46 31
65 62
57 30
22 39
50 46
67 55
49 78
35 12
35 70
74 21
35 52
34 37
79 82
43 55
40 74
21 26
17 58
50 43
43 20
54 56
70 64
43 58
43 65
81 39
53 36
61 43
56 35
62 50
18 29
65 25
67 35
29 41
63 56
22 52
68 94
50 49
65 78
49 58
34 61
72 56
27 40
43 41
59 82
49 22
49 44
63 64
46 38
73 53
74 36
52 47
44 62
47 72
74 25
40 33
81 55
39 46
38 38
41 70
48 44
10 38
36 76
22 39
39 59
38 33
50 61
54 60
52 49
25 56
89 46
40 39
29 60
79 58
60 41
65 60
39 40
27 62
26 37
75 40
36 50
58 50
54 37
11 58
55 46
12 36
1 46
53 59
50 63
59 52
52 63
76 47
57 28
54 60
27 43
58 51
42 28
24 52
60 68
54 13
57 46
75 58
51 69
51 23
43 58
75 39
58 19
71 68
43 42
35 22
27 33
49 50
40 61
40 72
49 63
18 59
74 49
77 62
36 66
15 52
61 68
43 58
58 70
38 58
4 60
81 37
43 67
41 42
59 37
67 88
52 50
40 63
23 30
41 31
44 36
44 53
53 51
38 23
44 34
54 67
39 67
38 36
40 75
62 37
54 43
51 48
53 32
44 35
51 36
37 31
15 62
54 44
40 51
75 61
57 32
61 54
68 75
28 72
21 31
33 36
72 33
64 25
64 41
29 30
58 70
81 41
58 56
47 67
74 49
52 46
57 61
65 54
67 36
38 64
56 71
47 43
55 75
50 54
51 43
50 38
42 69
46 34
50 52
57 35
65 17
55 30
54 75
38 89
61 89
58 42
68 20
80 47
51 30
70 83
50 57
45 51
77 63
63 1
49 63
64 48
85 10
39 19
74 64
40 49
62 56
35 66
69 50
22 54
17 35
56 78
70 50
5 54
22 24
45 15
38 28
35 46
17 66
48 59
53 71
41 49
77 31
74 61
52 69
22 19
19 31
19 52
24 54
73 40
15 59
67 57
73 70
53 42
61 71
50 54
33 45
35 49
40 43
54 45
56 35
43 49
51 61
38 57
63 68
20 49
44 73
58 46
47 40
51 57
81 56
77 31
50 39
73 66
40 10
73 57
43 68
30 55
65 63
44 36
27 46
37 40
39 21
85 32
37 60
54 34
70 58
50 37
68 45
37 50
67 55
89 71
42 32
42 40
69 13
91 37
55 45
87 60
40 53
55 71
34 50
48 24
41 64
40 27
22 83
70 42
75 65
41 59
49 41
57 70
66 47
34 46
34 42
31 41
56 42
34 80
34 32
51 87
42 44
51 37
42 53
57 44
35 34
46 35
46 56
58 50
49 62
27 36
43 21
57 41
38 38
35 44
44 56
60 66
24 25
28 51
27 62
35 52
36 44
40 45
67 30
55 50
61 43
29 57
40 49
22 34
93 49
47 31
57 66
63 48
78 57
43 31
66 44
49 70
31 63
34 37
42 40
50 49
67 29
42 50
44 41
57 62
42 32
20 63
41 63
64 34
37 73
46 55
71 79
42 51
68 65
54 26
41 64
73 73
22 49
48 61
68 37
27 51
40 64
62 49
45 68
27 48
50 42
39 62
68 55
69 59
45 61
63 82
60 28
61 40
80 65
46 40
65 61
42 47
24 56
23 46
67 55
58 61
42 71
45 52
51 48
58 53
58 48
65 47
49 53
44 28
62 71
77 76
46 60
67 16
88 57
61 46
77 61
58 54
53 52
55 32
80 32
37 39
34 62
40 4
39 59
28 25
60 28
32 54
51 44
44 58
66 46
89 55
56 35
51 70
46 47
52 59
50 47
32 49
60 37
41 64
49 67
42 64
51 35
79 45
63 53
62 37
43 81
53 64
64 52
10 68
32 54
43 62
35 58
64 51
56 68
35 66
66 57
23 53
49 70
23 48
38 41
43 40
32 61
80 25
53 53
55 61
61 38
73 16
25 43
73 74
47 40
52 43
35 59
59 68
76 33
50 65
57 49
22 76
65 34
57 57
39 21
43 61
18 28
94 57
44 65
8 34
51 54
43 48
71 61
45 70
56 42
32 93
48 42
74 66
47 66
65 73
77 86
74 47
52 69
26 67
41 55
42 57
43 34
39 65
44 27
68 53
37 54
35 39
63 58
54 75
33 46
49 51
50 18
73 30
52 94
37 52
41 44
35 61
44 58
39 23
41 32
53 67
67 59
13 48
69 24
51 38
50 51
52 40
51 32
47 30
46 76
64 50
9 45
41 69
44 34
48 26
26 57
58 61
54 46
42 65
68 43
24 32
48 49
69 41
21 53
47 76
15 50
59 47
4 44
68 63
58 55
30 63
57 59
59 48
63 59
49 33
39 33
67 76
80 31
67 65
73 39
60 56
52 23
34 87
82 29
56 63
54 46
40 39
25 51
58 78
32 52
31 51
20 23
45 46
84 50
60 48
29 52
26 36
70 42
75 43
61 38
53 67
50 68
69 64
45 32
51 65
47 74
27 43
46 44
57 65
54 62
59 40
43 24
76 67
26 44
79 45
56 54
53 60
46 55
44 69
41 42
62 54
39 78
70 43
20 33
63 62
41 32
32 16
57 17
48 53
32 72
65 44
59 45
40 80
70 30
43 53
69 60
58 28
66 23
57 33
78 30
42 21
100 62
42 41
24 59
43 44
42 53
49 55
56 54
35 69
40 26
100 24
57 46
61 45
49 63
77 51
71 47
47 81
53 46
39 76
40 43
20 79
60 31
69 72
34 52
58 60
40 56
62 42
80 48
49 38
28 48
45 25
48 40
37 66
55 39
21 82
55 66
46 47
39 57
46 49
51 36
49 38
36 15
46 64
41 50
70 53
36 33
38 76
55 53
56 83
52 50
57 25
86 44
19 48
34 61
60 72
93 29
78 52
46 13
54 68
51 38
40 28
43 27
24 53
38 73
65 45
37 35
40 71
33 40
50 58
51 12
62 32
62 57
61 53
59 73
46 43
40 49
70 76
75 70
40 55
26 67
65 59
44 67
49 39
33 47
43 52
32 45
60 23
65 37
59 62
46 33
25 35
24 40
62 38
44 53
45 45
21 57
46 60
48 53
41 43
48 69
78 53
60 63
49 32
34 53
52 39
92 79
54 61
48 50
49 50
77 34
70 73
53 44
64 43
49 22
27 32
54 34
28 58
49 54
43 57
62 49
45 72
50 68
49 37
54 44
47 36
48 80
22 45
74 35
59 50
45 11
39 45
71 66
53 49
41 73
69 33
78 60
57 32
24 47
39 73
20 51
30 53
86 59
32 33
38 56
64 46
57 22
51 55
64 36
50 58
47 58
55 29
67 33
57 43
88 73
83 66
62 65
39 63
32 45
53 54
60 43
48 62
71 80
73 47
67 28
62 27
64 79
28 52
19 58
55 53
51 59
26 60
56 35
61 33
51 9
52 77
51 23
60 63
47 41
57 39
50 33
47 31
51 36
24 69
48 55
37 58
38 30
34 43
21 19
43 54
41 41
26 90
38 69
70 40
81 66
69 38
57 40
42 51
78 45
21 27
29 71
34 53
77 77
60 23
58 44
47 49
50 40
76 25
41 37
43 56
40 66
71 62
67 50
36 36
37 73
55 42
45 64
52 44
53 71
43 56
32 40
56 58
35 62
55 73
57 48
63 66
51 68
68 40
23 44
82 46
69 31
66 35
70 41
19 97
54 44
45 44
71 34
45 77
58 41
53 68
73 59
58 49
7 27
75 49
68 56
45 59
40 76
34 59
45 6
39 49
60 48
85 41
43 16
53 67
56 78
41 32
46 79
42 22
41 70
67 56
25 49
38 62
41 46
57 29
36 37
71 41
42 47
28 43
59 51
33 64
32 48
40 20
36 65
66 59
83 55
70 81
46 57
43 45
45 46
63 21
58 52
42 52
45 76
46 49
54 64
25 52
49 48
26 59
51 50
41 37
56 43
76 91
59 71
42 49
50 81
58 60
46 47
40 47
35 42
58 50
61 34
49 44
54 46
47 47
39 61
33 59
58 64
73 42
67 36
22 33
34 51
52 55
74 73
73 23
60 39
29 51
36 24
92 67
61 33
38 25
62 56
68 41
52 52
53 54
78 60
47 56
42 34
41 42
59 78
44 34
45 71
60 49
22 30
31 61
55 71
54 50
55 50
86 58
42 63
27 19
58 58
29 37
70 42
47 73
50 57
55 19
66 21
52 62
39 40
55 66
42 56
30 32
34 56
95 49
48 47
53 77
70 73
34 53
46 59
32 42
55 84
87 48
31 51
42 55
68 53
26 35
51 44
63 67
51 64
20 57
55 45
48 33
53 65
53 61
71 51
66 56
43 41
58 44
30 37
35 45
52 50
54 59
22 23
40 35
36 42
39 56
52 30
22 45
89 21
41 55
39 87
83 58
57 38
37 35
36 55
62 51
20 34
27 79
57 35
60 69
58 20
46 71
32 8
26 55
52 81
71 41
61 17
33 60
59 30
35 18
45 73
60 75
23 53
42 36
54 45
37 31
16 19
32 59
30 66
39 27
49 51
53 79
39 64
51 44
66 51
58 23
33 19
39 56
69 64
37 25
48 64
23 61
51 64
86 45
63 34
29 55
40 44
65 65
55 35
29 36
25 30
66 85
57 49
45 51
60 57
62 26
45 69
34 81
29 61
46 55
48 61
58 67
54 54
44 52
52 49
62 57
68 38
50 35
58 48
85 57
39 32
55 19
48 41
54 40
53 37
43 35
67 57
76 59
34 21
87 60
23 45
17 87
47 71
48 64
40 35
18 14
78 15
57 66
80 49
24 39
33 59
48 60
73 17
54 55
47 46
65 59
69 57
52 38
28 88
60 48
59 44
41 44
67 27
72 20
23 41
62 24
39 86
61 67
69 43
45 44
44 69
34 34
43 28
27 48
69 60
39 70
19 53
47 80
46 48
45 44
48 52
20 58
34 26
67 45
44 55
62 49
63 28
43 25
54 18
59 38
60 40
38 53
61 34
44 53
45 68
59 52
45 67
47 33
56 51
63 69
59 63
67 42
39 36
40 54
41 29
46 60
57 45
44 51
62 56
44 49
38 43
50 57
58 52
57 46
63 43
60 71
1 21
50 74
61 61
37 32
51 48
38 23
42 63
40 55
25 39
83 68
53 55
35 45
61 74
69 52
59 31
25 30
70 12
25 51
49 67
66 50
54 41
63 51
28 54
32 46
55 53
54 61
77 50
43 61
28 39
62 40
72 53
70 61
68 53
33 73
42 51
50 75
12 76
67 65
22 80
25 21
32 53
63 45
44 60
37 58
32 65
38 59
39 34
65 68
46 37
52 55
44 71
65 47
77 33
23 51
83 36
93 19
36 10
60 28
76 84
60 35
54 69
47 19
43 76
65 57
36 71
56 58
92 67
65 97
47 35
63 58
57 30
57 20
57 62
36 63
64 57
59 50
40 55
88 56
64 27
23 14
41 49
65 39
32 49
41 62
50 33
43 41
31 84
44 73
37 34
54 25
68 84
36 56
33 11
43 53
72 71
45 35
39 26
40 57
60 27
64 53
20 73
51 46
45 28
54 52
21 85
60 27
48 36
64 49
74 54
55 45
44 66
51 52
47 68
41 55
59 33
54 51
50 45
72 63
32 53
33 50
46 39
56 79
42 64
60 38
43 78
33 68
11 75
47 35
25 61
31 43
50 55
26 85
58 44
50 51
33 64
73 75
50 75
22 44
31 39
36 46
35 68
76 51
80 9
49 88
81 60
90 69
51 42
20 82
71 27
59 67
82 28
38 49
68 50
63 44
37 17
29 38
25 43
51 52
52 40
67 63
59 59
53 44
68 51
65 32
82 49
23 36
33 64
61 76
58 54
66 49
41 27
71 25
69 60
56 21
59 50
36 88
43 69
36 36
46 26
19 43
61 42
66 52
39 26
61 70
46 84
72 41
43 32
19 62
53 48
37 37
35 80
55 48
4 32
51 43
44 75
32 56
58 55
56 54
39 79
45 54
20 56
81 34
57 55
71 63
61 72
61 61
53 55
40 51
45 75
57 53
65 82
18 71
56 57
59 98
69 34
23 43
75 34
47 84
48 40
49 66
33 56
16 45
33 44
50 26
39 50
46 59
45 30
40 32
23 47
70 22
31 60
51 71
40 55
38 65
54 25
59 72
52 61
35 67
70 23
60 79
67 65
47 29
44 47
50 67
33 32
70 74
41 28
31 33
29 74
56 61
49 42
66 57
51 71
67 56
72 37
60 50
58 78
24 47
59 58
36 46
66 47
50 58
47 44
43 42
53 54
24 48
24 47
43 51
61 54
59 30
45 49
37 58
70 70
56 60
48 49
20 73
74 47
27 42
26 34
59 73
62 87
31 64
77 47
64 51
17 50
33 29
26 69
88 50
50 21
59 41
34 54
24 48
28 66
60 41
43 45
65 68
39 57
42 56
70 28
30 26
45 11
41 47
53 31
75 75
49 52
44 25
47 42
61 78
45 49
54 79
36 59
39 58
45 46
88 44
28 68
33 26
19 53
58 34
65 49
44 61
78 57
36 38
47 51
47 91
24 35
57 28
43 54
34 36
71 12
77 52
61 49
21 35
47 60
36 42
75 41
66 30
51 8
37 67
48 58
36 28
40 48
70 32
57 26
44 62
27 57
51 36
55 38
66 46
47 47
52 58
61 78
35 41
79 67
39 82
83 85
37 45
63 56
26 39
49 54
48 41
41 60
75 55
19 84
59 81
26 49
80 14
50 60
47 58
17 53
58 46
28 32
61 51
87 54
44 69
54 60
69 60
29 60
41 33
72 83
65 49
38 34
36 62
52 36
81 49
49 51
23 51
45 45
18 50
66 47
52 42
83 46
17 40
69 67
46 49
44 67
51 38
45 47
37 45
52 32
7 44
46 65
54 59
36 37
37 37
24 71
40 45
56 52
37 78
37 66
54 53
33 68
46 55
47 46
48 31
75 43
54 44
35 48
52 40
44 60
48 39
45 35
50 36
25 72
31 33
51 42
40 32
45 30
73 31
25 59
37 51
65 23
57 69
39 51
15 46
57 27
52 61
81 26
49 26
54 35
59 50
75 59
58 49
45 66
58 46
70 67
39 43
53 44
35 63
26 30
41 45
38 27
29 36
58 74
65 39
60 33
46 37
51 38
69 64
58 100
77 37
44 65
51 27
64 50
59 40
89 55
54 52
54 56
71 54
65 72
36 45
51 76
35 41
51 81
5 46
46 73
51 61
68 21
79 31
45 36
56 48
31 33
44 20
37 51
29 51
17 40
28 73
59 85
48 20
43 33
55 65
64 55
39 33
46 40
46 19
29 54
56 31
77 54
48 30
35 71
44 36
47 34
47 38
41 43
43 68
84 70
73 36
78 50
44 45
43 50
36 47
54 54
41 50
50 72
52 32
22 64
50 60
35 55
47 54
58 34
28 35
45 80
33 53
66 49
36 24
86 70
55 39
89 58
56 65
48 53
71 58
30 52
33 31
28 71
62 47
82 28
62 55
58 44
31 25
53 30
39 66
63 61
94 56
36 66
34 79
39 51
49 39
64 57
36 40
64 46
46 33
48 23
67 13
55 80
48 22
26 49
59 45
38 64
72 44
27 18
40 75
53 62
23 38
74 68
32 78
50 65
38 38
43 55
47 74
38 48
46 72
51 36
65 35
37 40
32 37
43 26
74 70
32 53
51 49
43 44
52 53
71 46
47 38
57 40
46 42
28 46
36 37
87 52
47 34
38 31
41 59
74 43
68 65
48 48
43 50
35 33
44 47
69 32
71 25
57 53
72 55
38 89
56 59
59 54
41 56
55 35
77 60
76 48
49 36
41 32
64 49
62 11
37 60
29 30
72 41
12 68
33 52
62 77
81 60
56 61
41 38
54 62
23 81
36 35
75 71
16 51
68 83
67 21
39 37
31 14
62 53
78 54
45 37
71 12
71 54
33 50
31 82
53 75
46 37
74 30
48 45
49 65
66 81
46 85
74 39
85 59
65 42
65 52
58 33
60 42
62 61
29 58
50 76
33 63
67 44
63 51
86 39
56 41
72 53
23 58
25 30
55 47
86 35
50 41
11 53
71 70
30 49
61 40
53 79
49 13
25 54
52 46
61 49
64 48
40 12
70 29
48 38
1 24
59 33
67 36
22 56
47 44
52 48
44 56
73 59
61 96
47 68
52 28
20 66
35 72
53 67
40 19
48 56
39 66
28 33
72 66
30 50
69 39
37 47
42 27
28 40
60 61
90 49
12 36
65 54
17 55
53 52
77 79
84 70
94 76
23 80
66 52
68 19
56 48
67 43
64 73
50 22
29 65
18 50
43 48
68 38
54 47
79 74
51 62
59 76
61 43
58 25
45 76
62 44
79 42
57 58
37 43
62 37
47 27
59 51
73 52
59 63
39 75
38 53
34 57
46 45
52 63
85 41
59 57
78 47
64 49
74 51
49 49
52 35
18 70
75 63
74 20
51 3
75 88
67 69
57 12
44 64
56 61
65 77
48 45
55 83
48 51
57 93
61 51
61 47
58 26
27 56
30 85
67 42
87 62
52 55
60 40
63 34
49 54
41 58
54 78
39 57
40 60
38 58
69 71
14 36
65 58
59 58
49 46
54 67
19 65
21 27
24 49
43 31
45 36
46 36
29 53
56 33
45 36
74 42
22 28
56 84
50 35
58 48
62 43
79 32
47 64
69 78
48 41
43 51
80 57
66 51
52 39
63 40
42 39
25 73
70 83
57 49
67 91
40 40
44 76
62 57
73 60
64 44
29 35
12 1
40 36
34 20
36 46
56 56
29 29
72 46
42 53
52 61
36 50
44 58
62 46
52 20
62 32
78 66
55 28
40 43
46 52
82 56
39 56
59 71
59 58
45 46
72 66
46 46
50 38
27 65
65 54
53 37
57 50
53 47
53 69
30 5
66 55
59 54
29 75
66 71
51 25
43 36
67 55
56 42
49 48
66 62
55 56
88 77
62 37
41 32
77 87
62 37
26 64
55 11
37 55
28 45
64 69
56 50
26 65
69 49
20 45
54 51
51 37
40 57
64 52
43 68
46 33
54 28
57 48
37 72
39 58
51 26
71 50
52 32
48 60
64 48
33 79
76 62
32 32
69 48
49 33
55 34
53 17
37 73
39 56
61 64
30 34
20 51
33 48
62 65
35 64
44 68
22 46
26 45
78 48
39 57
63 55
46 39
72 60
50 51
44 33
21 54
53 31
54 67
29 68
89 51
66 43
14 40
46 45
63 43
37 51
40 63
20 89
62 30
36 28
50 55
66 63
42 24
62 37
45 66
70 44
26 44
56 60
64 58
64 41
34 35
52 65
51 54
48 54
29 16
70 56
48 57
57 47
55 33
65 53
52 34
35 33
74 75
33 51
16 58
35 30
44 57
66 57
78 57
16 69
49 44
39 76
61 51
38 83
46 20
34 94
41 22
34 68
24 28
50 39
62 59
59 61
41 68
38 57
39 33
89 41
61 51
87 49
51 53
79 22
58 58
55 48
55 30
61 66
62 85
51 26
29 67
59 60
41 89
23 33
78 54
49 89
60 69
51 65
22 46
73 44
39 45
49 63
50 22
60 51
63 52
71 71
33 47
44 29
48 24
50 69
64 20
42 33
32 54
56 52
69 64
65 55
74 80
20 71
65 51
48 38
62 49
44 65
74 59
56 26
60 67
28 33
42 51
42 34
53 33
66 65
9 49
47 55
55 36
58 49
59 74
46 78
52 32
43 49
41 65
24 57
34 54
26 77
38 55
62 68
61 45
64 54
53 37
61 21
29 45
43 59
33 66
35 61
29 51
45 44
71 36
74 33
22 38
21 66
63 48
64 67
66 46
44 54
59 80
67 78
33 56
39 52
46 11
63 23
41 57
76 18
52 66
36 61
36 55
46 40
73 55
67 66
27 57
37 36
77 58
57 35
42 23
50 13
65 41
72 28
60 70
51 68
69 41
52 63
45 61
59 23
65 55
53 49
48 32
24 62
59 40
41 53
61 66
19 20
43 64
53 31
63 42
63 62
57 38
42 52
26 37
64 30
66 51
53 13
9 32
63 61
61 25
31 53
61 40
40 51
48 53
69 56
39 40
46 49
63 44
58 10
70 53
57 56
44 77
30 42
64 41
36 91
26 25
58 43
53 40
34 49
58 64
52 47
12 49
59 65
75 38
45 53
41 50
65 32
64 62
55 58
32 24
39 52
63 87
43 35
58 11
20 85
51 32
52 63
55 36
40 57
37 58
29 22
59 44
54 61
10 42
32 44
74 60
58 37
46 47
48 44
74 92
40 53
66 58
16 28
53 86
43 25
48 54
55 34
42 51
57 40
55 66
25 49
67 58
20 79
36 63
40 45
57 51
64 54
45 64
76 34
33 54
53 44
40 58
42 57
48 55
49 49
39 66
50 78
68 35
42 69
63 37
55 42
48 44
35 38
32 43
97 18
52 59
52 54
78 30
62 49
55 58
61 30
60 28
46 42
43 51
48 54
57 54
66 55
59 42
54 35
26 42
50 65
42 57
58 18
58 42
52 38
53 31
61 40
71 47
40 47
41 35
50 84
54 40
23 42
72 45
61 63
17 63
52 8
46 39
33 18
47 61
58 40
40 40
33 62
79 62
57 59
23 43
37 41
69 60
11 51
50 28
50 46
66 34
43 36
83 55
45 24
43 61
51 61
20 70
54 41
48 70
54 49
38 52
29 61
44 39
16 43
47 26
65 80
57 66
49 27
52 20
56 30
53 64
77 47
28 46
1 54
40 50
71 37
61 68
25 57
45 31
57 50
52 60
58 27
25 73
32 60
61 25
38 36
16 63
40 69
48 60
35 19
59 46
25 43
52 58
72 57
43 45
22 42
49 68
60 68
34 59
17 78
29 45
52 66
35 41
47 56
71 54
47 53
60 46
29 66
55 12
54 36
37 44
42 61
15 87
29 35
59 50
49 67
60 52
79 49
46 53
76 34
63 68
38 22
45 69
61 61
66 26
60 72
75 47
42 33
52 43
59 52
34 54
81 16
26 31
50 76
38 68
62 46
65 9
66 75
71 51
27 70
20 57
42 60
44 31
54 64
56 66
44 32
83 54
50 46
54 64
25 61
71 44
24 50
34 34
85 43
54 48
44 31
35 29
53 61
47 58
47 67
51 50
51 69
46 48
45 37
83 23
24 45
12 87
63 50
53 54
65 40
61 28
44 78
33 32
37 34
24 36
46 61
71 61
6 45
70 60
76 34
53 21
40 40
55 71
48 37
32 56
49 82
52 37
63 59
77 55
32 62
41 30
41 45
25 60
42 44
91 51
54 56
52 51
35 55
47 41
60 41
41 78
34 37
60 71
48 45
63 48
56 50
27 11
50 60
43 50
36 83
45 24
54 29
34 47
46 33
40 50
71 77
56 36
70 42
49 33
38 48
63 66
25 73
44 53
44 93
65 37
61 47
51 39
93 46
62 57
36 53
45 67
42 64
37 43
74 49
43 37
41 46
73 49
66 30
17 38
70 55
27 57
46 50
76 31
44 64
67 75
58 58
60 28
36 29
54 59
50 25
33 24
46 44
36 44
38 64
75 53
75 41
74 74
20 56
50 77
68 57
63 34
20 71
49 46
46 46
62 45
52 84
66 60
39 39
53 63
42 38
56 75
56 39
55 78
57 76
63 53
65 28
58 41
82 43
50 56
16 46
74 36
71 54
82 42
49 53
47 21
81 53
68 23
48 65
47 63
60 53
58 23
49 68
53 93
39 34
38 47
52 56
65 53
32 48
36 48
56 51
70 29
37 65
44 71
27 55
55 59
76 52
24 60
56 60
58 14
37 66
33 53
40 33
57 48
28 71
70 35
33 62
54 74
65 40
40 42
12 51
61 47
54 25
55 55
42 48
21 53
81 67
45 40
55 40
66 87
57 40
34 55
31 70
48 77
70 1
48 57
40 67
33 24
37 55
59 63
54 55
18 60
45 28
26 17
27 51
60 57
47 23
49 32
57 53
27 55
57 43
55 54
71 34
36 46
33 35
23 76
54 41
46 46
23 34
57 47
53 29
51 65
44 66
54 56
64 39
71 43
42 38
71 28
33 61
46 70
54 44
73 41
13 75
100 54
70 26
47 59
67 59
37 71
54 31
59 65
55 62
76 70
42 41
36 41
73 37
43 33
53 27
42 71
37 42
45 62
78 46
62 27
40 50
46 79
52 63
2 61
46 25
56 43
52 31
31 62
56 73
55 82
50 26
53 62
43 32
47 13
70 47
41 45
66 75
75 56
22 26
68 22
30 57
65 36
84 29
77 60
46 49
59 20
41 72
82 52
59 59
60 62
49 35
72 35
69 50
37 23
55 67
28 61
59 41
28 98
23 43
18 46
28 51
34 65
26 53
62 55
13 10
54 37
38 64
55 73
35 46
46 53
47 13
51 42
47 37
42 34
23 36
18 69
41 70
44 38
41 56
55 56
42 56
40 47
58 56
34 74
46 22
50 62
40 60
19 34
68 56
44 52
44 35
51 51
64 52
49 66
50 51
74 67
69 79
50 67
65 35
47 53
31 40
36 23
36 59
89 47
52 34
62 60
38 64
51 42
49 65
36 49
52 57
11 44
57 48
65 64
31 62
52 47
68 56
24 85
59 63
63 50
38 28
43 59
75 56
46 63
50 60
32 61
53 55
61 36
40 9
67 44
56 57
7 50
31 42
62 81
68 50
48 57
44 34
57 52
46 72
32 82
58 66
56 41
67 77
63 55
24 28
50 19
34 49
73 33
22 51
47 57
47 66
56 44
60 50
71 61
35 34
74 30
69 44
35 39
41 36
58 23
46 74
41 55
52 61
57 45
73 17
66 55
66 47
34 86
66 43
46 58
51 61
23 69
50 44
64 57
59 50
83 76
62 25
24 76
81 45
64 57
53 53
40 14
32 39
18 47
54 56
42 61
65 52
49 43
38 45
41 18
40 29
24 63
58 72
57 46
71 47
42 58
41 55
41 43
73 52
52 55
60 51
48 73
53 34
35 77
70 95
40 75
35 51
62 59
32 73
69 70
41 66
44 48
28 30
42 13
25 51
28 68
43 53
39 25
79 67
47 50
33 77
61 41
60 49
65 43
54 58
52 57
38 24
52 33
37 58
73 66
54 60
24 45
32 63
74 59
74 64
58 19
61 43
69 20
66 19
68 48
43 48
76 64
61 62
60 37
90 52
33 57
4 14
67 39
46 52
58 47
71 51
48 27
67 39
64 47
3 16
79 61
60 46
44 59
58 35
55 66
50 63
47 71
29 76
45 23
58 42
51 28
16 43
32 54
34 48
55 52
24 41
36 27
46 56
52 36
71 29
52 69
68 45
100 53
55 60
21 37
49 43
25 68
60 38
59 29
37 39
43 45
55 45
41 67
47 70
1 59
48 64
64 51
61 53
49 45
62 46
88 26
51 69
39 46
71 44
48 55
44 82
28 40
54 41
70 50
26 74
48 56
39 72
73 41
46 49
28 38
33 54
36 54
24 33
48 51
69 69
63 36
23 56
62 41
77 55
38 47
43 53
26 64
52 36
79 34
53 69
58 38
62 56
29 31
84 48
26 53
68 51
44 40
62 66
53 55
92 94
52 57
36 44
41 90
19 53
66 46
53 21
27 34
50 57
54 64
80 68
52 44
28 42
22 39
66 44
25 50
22 49
59 54
79 37
53 53
75 44
38 49
71 75
53 36
64 31
52 62
52 36
46 49
68 64
13 54
58 26
23 56
33 42
56 63
74 33
52 55
60 71
45 38
26 22
42 46
70 34
36 61
44 35
28 82
44 56
35 29
64 31
67 37
71 68
50 45
50 85
57 37
77 42
57 89
37 70
46 70
31 31
22 21
42 60
28 19
45 55
79 51
34 20
63 55
48 47
67 69
61 58
31 28
40 52
61 52
16 37
47 53
60 49
29 37
53 39
49 19
48 61
64 51
23 61
56 52
71 68
51 63
55 35
65 65
52 59
46 40
58 49
67 76
47 44
49 49
38 68
45 41
65 54
43 65
43 67
50 73
54 41
51 66
50 40
48 30
55 71
53 18
43 23
47 41
72 20
64 51
56 53
28 71
56 49
33 67
59 58
33 30
76 59
82 43
71 53
66 51
70 53
60 55
80 54
36 36
74 45
32 55
32 27
73 27
67 35
69 68
41 68
18 18
32 27
37 39
37 77
61 89
44 42
61 78
39 41
33 25
39 43
22 49
59 37
53 51
57 18
42 60
29 45
65 65
1 25
27 74
60 53
70 43
85 87
60 39
71 41
66 50
41 53
52 29
53 67
37 35
24 53
84 56
29 46
52 47
39 53
19 40
88 55
36 61
40 57
53 19
23 51
22 41
39 66
60 62
68 7
78 27
62 50
34 75
59 40
47 64
45 25
41 41
49 31
65 81
58 38
46 42
1 71
50 32
49 41
33 74
14 45
40 53
67 57
68 61
69 73
67 55
63 26
34 38
49 52
29 52
28 81
35 41
63 36
50 58
41 15
35 52
26 65
36 36
74 26
40 50
46 42
62 37
72 51
63 32
41 77
52 73
75 35
33 50
52 58
15 87
72 48
58 53
36 32
58 52
47 37
36 35
51 31
41 55
45 48
41 70
44 59
44 29
72 89
43 40
56 53
41 49
68 38
38 42
54 69
26 42
48 25
79 57
53 23
32 90
36 35
44 36
71 41
52 40
40 41
51 14
67 65
53 70
41 59
48 23
71 67
65 73
37 28
24 76
81 46
72 64
53 61
60 26
43 54
55 68
44 68
65 42
28 21
57 62
50 59
64 84
27 69
35 18
39 62
49 47
34 46
37 41
35 29
28 77
47 49
31 32
69 60
30 47
48 40
69 79
70 32
54 86
36 45
49 61
55 37
31 50
38 51
20 45
71 59
59 51
61 31
57 47
25 59
31 48
52 53
51 41
28 58
51 32
45 52
34 51
77 21
32 45
61 38
48 38
30 50
59 45
44 66
48 82
77 47
28 29
39 44
46 63
36 19
52 47
66 58
46 12
55 11
29 44
85 41
58 58
75 59
46 54
65 50
50 39
56 70
25 67
51 37
34 45
55 81
19 39
25 65
47 58
72 68
20 57
66 68
19 64
44 57
41 52
70 71
68 39
21 26
46 55
59 52
31 56
28 10
61 57
63 40
75 54
51 50
54 78
43 88
60 55
51 37
44 44
36 60
47 42
34 62
59 70
48 41
42 47
54 50
17 61
44 43
46 43
48 63
66 61
39 46
38 61
64 47
19 36
31 57
57 22
31 55
58 62
50 56
84 47
37 43
23 55
24 55
32 75
42 49
56 67
30 63
49 49
29 80
41 67
61 34
76 46
64 74
58 27
57 29
31 50
53 47
50 54
46 60
59 57
42 41
65 58
22 33
56 55
30 56
51 63
41 84
49 29
59 44
36 36
64 49
38 49
62 35
55 63
60 46
57 29
55 55
51 38
38 62
39 53
73 46
62 65
51 58
41 47
44 76
3 61
65 54
70 49
73 26
34 64
37 36
68 66
47 44
52 68
75 43
71 56
53 40
33 48
28 39
35 55
41 22
60 80
30 52
59 65
55 62
58 51
46 77
43 48
54 48
37 54
30 45
70 64
51 30
50 54
28 42
52 42
32 27
40 75
47 82
70 68
49 36
71 58
25 31
35 54
31 53
59 71
59 19
54 39
84 64
62 59
53 37
63 40
49 45
14 54
25 43
40 47
45 59
45 65
55 58
31 48
41 62
42 52
45 70
49 22
38 66
46 88
28 27
41 24
49 60
43 55
53 42
47 45
36 58
69 54
33 26
43 61
70 47
19 72
54 73
46 60
54 41
29 53
61 38
43 67
34 68
54 20
47 59
12 62
51 44
62 55
48 36
65 32
59 50
39 61
42 71
47 77
28 61
47 64
71 36
69 54
33 42
34 55
58 60
55 53
40 38
44 27
74 35
30 44
20 45
76 18
49 53
56 66
68 56
55 28
36 42
78 51
41 52
48 60
35 62
25 88
37 34
57 84
42 22
52 53
48 32
31 44
67 42
56 71
27 21
52 25
56 67
56 49
41 63
67 62
45 87
51 47
46 67
49 61
96 54
85 47
73 51
67 40
56 63
58 64
60 56
80 45
27 58
70 55
58 54
41 44
51 14
24 69
35 71
57 47
54 72
48 25
43 50
33 44
20 61
59 59
50 52
54 42
51 36
63 62
47 60
40 49
26 47
43 53
39 55
46 39
76 20
38 39
42 10
66 44
51 76
49 51
33 15
55 17
50 40
53 50
12 42
31 48
48 69
35 52
65 60
65 51
24 65
25 46
37 47
34 39
42 2
11 55
39 55
18 95
98 41
41 44
61 41
40 68
52 28
59 51
25 59
40 55
100 42
30 68
8 61
91 51
49 33
52 60
60 70
17 62
56 44
76 49
52 62
20 39
29 51
66 79
50 88
46 65
37 72
60 13
67 62
31 43
24 36
61 53
35 52
71 46
60 45
47 73
47 57
44 16
62 57
44 63
45 42
44 57
31 75
27 40
59 43
67 42
55 25
41 72
63 22
45 66
51 66
40 61
39 45
54 64
41 61
39 71
51 21
74 54
32 27
48 54
48 57
46 55
99 44
38 61
50 51
81 69
41 51
43 50
55 70
31 75
40 85
65 49
70 49
51 66
39 71
60 48
49 26
45 69
66 29
45 35
55 1
45 40
61 36
44 48
51 62
69 59
69 86
35 46
56 82
37 73
38 57
65 50
54 58
40 43
16 32
20 58
40 37
28 52
69 39
37 55
45 59
38 69
45 52
12 17
60 14
62 71
54 51
51 38
42 45
44 66
57 33
60 71
71 38
36 66
45 64
66 47
6 90
32 51
52 44
40 42
57 44
38 49
45 61
52 44
38 24
46 40
49 37
80 62
54 65
42 40
54 52
24 35
50 37
47 40
50 60
15 32
67 47
56 52
33 58
55 70
37 41
60 59
36 60
81 15
67 59
75 50
91 20
30 63
40 20
38 24
42 28
10 66
22 3
66 42
76 54
63 22
60 21
68 69
46 49
27 77
26 28
49 29
44 24
70 34
43 65
73 64
61 59
42 76
59 30
46 47
47 78
40 44
44 39
30 53
32 31
60 76
44 21
60 22
37 36
34 41
42 66
54 47
50 66
55 55
37 39
33 34
37 60
26 45
48 65
92 60
50 60
21 48
55 40
32 35
30 35
25 71
53 52
50 38
73 59
52 63
48 58
57 37
65 80
42 47
18 40
61 58
59 34
68 47
53 50
70 55
13 88
49 66
27 28
58 49
43 70
52 46
69 70
60 74
50 36
41 23
78 53
53 43
40 27
79 23
34 57
48 63
51 52
59 56
43 60
46 43
77 62
33 41
42 48
59 56
49 46
52 43
70 36
51 62
54 32
68 20
53 68
53 43
47 55
42 66
64 56
69 62
27 39
64 53
29 76
38 46
38 37
18 46
33 68
88 8
44 64
67 75
50 64
1 41
67 40
66 47
60 39
40 67
46 53
25 51
52 63
69 22
56 74
35 72
48 42
15 56
97 47
46 49
25 57
48 14
89 45
58 61
25 48
40 21
42 49
56 100
29 39
58 55
53 67
73 40
51 48
82 47
89 51
39 43
69 62
58 69
51 37
30 80
72 56
36 31
46 42
60 59
46 53
2 46
37 8
58 33
35 65
20 41
41 60
44 36
88 41
41 67
45 55
51 34
36 78
65 41
42 83
32 64
49 44
43 67
51 76
53 29
54 58
45 51
57 66
39 47
48 74
51 22
54 34
54 46
36 45
40 65
57 43
38 51
62 40
65 47
61 33
53 37
45 23
94 40
45 60
33 28
81 73
46 64
65 64
53 45
45 57
51 73
53 49
62 49
55 62
56 31
48 57
44 55
81 36
61 59
43 52
47 41
56 78
66 87
64 48
67 63
65 56
32 46
47 56
19 68
49 64
58 41
62 17
39 48
55 50
31 28
38 33
35 71
48 75
57 69
84 61
70 9
71 70
44 31
57 39
72 64
41 32
9 68
50 30
43 56
62 39
51 46
45 50
32 32
55 57
65 67
39 54
74 42
53 58
53 52
49 69
86 78
62 73
43 17
70 46
57 24
41 58
66 38
93 46
41 27
54 57
42 45
50 14
26 34
43 41
56 55
37 70
67 38
72 38
51 61
56 77
49 31
58 55
55 40
62 29
29 56
73 68
33 58
21 51
26 52
39 55
40 61
58 66
37 59
60 52
48 41
91 55
54 52
64 39
66 63
36 65
33 28
61 55
58 34
75 41
49 68
26 47
69 76
26 47
68 60
40 56
48 52
52 32
60 63
75 51
66 50
64 21
56 27
67 53
63 55
61 77
74 53
47 50
59 56
60 36
48 58
75 58
61 51
47 65
39 56
35 62
55 42
57 65
59 67
29 70
47 63
64 21
65 57
37 38
34 40
67 21
57 74
51 55
72 74
51 42
59 93
66 38
28 53
38 35
41 37
19 55
70 48
54 23
68 18
66 2
68 48
53 68
45 44
19 69
51 73
49 36
72 70
47 50
62 78
64 58
31 37
50 4
45 76
100 45
65 67
41 87
35 26
55 64
61 49
55 64
69 62
40 57
45 67
43 67
45 54
66 64
68 31
37 33
33 56
53 48
25 17
84 65
41 31
73 64
62 14
37 41
58 70
10 2
53 76
59 57
71 52
62 50
65 49
71 66
32 56
39 80
32 62
47 46
48 56
84 58
52 55
77 47
52 65
48 35
50 60
35 42
37 48
76 9
27 71
39 52
31 82
64 50
68 75
61 44
39 58
39 51
51 52
54 38
66 45
14 62
64 17
44 33
47 50
