100 500
72 50
65 67
66 64
65 38
45 65
40 59
9 49
37 51
69 55
68 73
42 69
91 49
25 62
40 38
58 65
55 25
46 53
41 39
61 43
54 36
65 54
60 66
47 42
68 53
41 87
52 54
44 42
63 39
30 36
54 81
44 52
54 61
75 57
60 44
65 52
51 41
49 58
81 45
43 63
64 88
38 66
54 44
35 51
61 51
63 54
67 30
55 68
45 56
29 4
23 58
60 16
52 66
55 24
36 50
70 36
52 58
41 45
49 39
44 70
33 64
100 33
23 36
48 27
46 73
72 76
38 82
32 71
55 62
64 51
55 27
51 37
52 51
58 50
76 61
70 44
71 42
22 62
47 40
48 77
86 53
50 37
31 43
44 38
32 49
73 51
71 26
73 78
66 58
87 67
48 35
13 54
36 58
25 55
79 68
38 50
54 51
31 28
73 35
54 36
26 41
39 38
70 54
65 70
73 28
73 64
52 34
60 63
36 86
18 65
55 63
45 51
41 41
1 32
21 45
52 67
19 25
48 26
46 51
49 41
37 27
59 40
51 17
55 56
36 57
60 55
5 42
40 66
48 72
60 57
37 46
76 66
43 33
58 53
29 69
65 28
66 63
50 48
60 64
13 77
34 67
57 75
49 55
48 30
45 57
65 49
39 66
57 29
28 57
63 57
46 69
55 51
53 33
48 54
100 38
68 29
51 40
38 53
87 50
57 23
52 68
54 53
42 43
38 74
42 24
59 47
39 55
50 40
48 58
48 58
66 34
72 57
80 37
54 35
34 58
76 51
52 73
49 75
68 43
72 58
39 47
27 23
68 60
51 47
39 60
69 18
28 73
36 46
54 43
66 57
46 57
59 45
61 37
41 42
50 39
56 32
46 100
54 78
51 81
36 24
78 74
51 51
29 22
35 76
83 52
57 40
24 59
46 19
64 64
62 57
57 74
40 60
39 65
29 35
45 13
64 37
65 41
59 29
41 29
67 52
37 51
40 50
60 60
73 53
46 51
39 30
52 51
56 94
73 56
43 47
58 9
24 49
80 79
31 47
58 70
4 69
79 52
66 29
42 34
65 43
59 43
40 78
38 60
28 41
57 35
48 54
46 46
25 68
32 47
32 50
52 55
53 32
32 15
23 36
59 35
32 38
40 38
82 41
80 84
63 13
49 58
73 73
52 75
46 48
58 67
35 69
56 58
38 53
56 43
40 54
76 52
41 70
64 41
75 49
71 67
48 17
38 49
46 63
53 37
22 39
67 83
68 51
68 50
49 70
34 53
38 36
69 31
66 45
44 63
32 44
43 56
45 33
46 34
78 55
30 39
67 53
50 17
58 56
4 49
55 37
62 79
39 78
47 40
74 60
53 42
53 56
53 48
72 59
51 39
67 85
59 73
34 51
58 28
32 54
34 59
57 18
48 25
39 52
44 59
58 24
69 35
72 56
61 36
22 37
43 45
82 56
72 25
53 73
32 25
48 70
66 28
59 11
34 51
32 62
31 83
34 58
65 55
32 81
24 77
53 45
6 57
48 42
51 37
57 83
37 81
33 49
30 57
43 31
48 46
49 33
43 37
39 59
37 70
58 75
54 40
34 69
57 52
56 50
37 85
52 72
52 83
65 47
26 93
66 64
78 23
59 61
38 44
54 58
50 54
82 64
56 41
40 16
65 33
69 64
46 77
59 63
48 49
15 43
32 41
46 18
23 20
53 53
32 36
30 58
35 28
58 83
51 35
44 57
26 56
68 22
52 43
30 32
35 65
60 59
36 48
33 38
47 32
50 27
54 58
65 45
78 58
54 25
43 48
46 31
65 38
45 34
61 49
29 51
41 52
71 61
24 46
15 56
26 66
65 20
61 43
69 62
60 58
57 36
41 58
25 48
31 38
70 35
63 82
51 36
13 30
38 35
76 47
35 34
83 81
37 53
58 32
36 73
36 35
80 54
44 46
25 48
13 53
45 35
43 49
70 43
46 28
54 65
68 40
43 29
58 42
70 58
38 22
44 60
53 26
57 34
46 44
23 33
18 68
69 50
41 34
43 55
43 25
22 41
44 54
44 47
18 50
40 53
49 56
48 60
35 41
68 66
49 32
28 44
53 65
43 69
83 74
50 34
41 93
92 18
30 50
70 41
62 37
72 65
34 34
40 51
70 47
67 52
70 55
68 49
38 71
68 53
26 34
16 68
36 50
32 64
61 21
54 72
46 55
60 26
45 41
63 80
30 70
51 44
52 26
67 27
48 67
