50 1000
15.5069 22.3814
17.5379 20.8425
24.4967 26.0983
20.3224 47.7412
18.5309 41.1065
29.9035 22.9922
23.6798 31.2746
8.23267 9.92411
21.2341 20.5472
27.9105 17.4865
30.279 21.2234
13.3774 30.0585
15.6406 29.334
26.6581 29.0593
21.5338 25.25
12.249 35.7404
16.3619 35.6959
12.9737 37.9471
36.5533 19.8802
27.706 22.1878
28.2827 28.2962
25.8275 22.8342
24.915 22.2535
25.6251 33.2082
43.4551 17.5264
42.3413 38.6326
31.4036 19.2774
37.1622 28.2522
32.4488 29.717
21.521 27.367
21.9852 34.8112
31.1019 33.0091
18.9668 30.8589
34.9325 18.755
12.3556 22.5309
29.9224 28.2347
13.2682 35.6114
16.138 9.96884
34.5702 27.5028
21.6784 30.2663
30.3374 20.041
29.093 15.2958
31.4619 18.932
32.2611 20.388
25.6734 26.3375
23.6291 23.7409
46.4591 16.9904
32.5183 42.348
38.3376 18.1793
6.08861 27.4392
9.9615 31.8448
33.7708 36.0738
25.6428 38.4265
18.6082 18.0383
20.027 25.6015
31.0157 30.0858
5.88708 31.6157
33.971 39.8212
29.8882 23.7871
9.67129 28.2137
23.2931 40.2426
35.7665 31.3591
15.06 22.4572
23.8881 40.4172
21.658 18.7661
16.7249 7.75577
22.2794 27.2869
20.093 28.3941
26.7832 17.9015
21.341 23.4393
31.6979 14.4599
22.1744 26.3655
18.5942 26.2649
23.8155 16.1426
20.9384 31.7864
29.0978 29.9276
31.1986 39.1788
21.4859 14.7417
12.3421 31.081
16.2371 23.6906
15.7471 41.6829
31.1652 25.8902
10.9121 19.9419
15.2758 23.7042
14.3662 15.9136
21.1892 16.9897
28.8507 28.7301
31.6807 20.9923
32.0101 19.4879
15.0104 16.9812
25.7295 21.466
22.3496 27.9299
18.413 27.1341
24.8885 25.5046
21.0579 15.2916
22.0779 18.866
26.9608 30.9307
19.4881 40.5232
11.914 33.2863
25.5267 29.8559
17.696 40.8153
29.5801 26.442
17.7795 33.5646
32.2104 28.7173
21.2938 15.9436
17.2598 23.6599
25.1585 33.0614
33.8166 38.1617
15.2397 36.896
48.1676 27.6284
16.1239 31.3527
17.555 30.7028
26.4558 22.6363
29.2072 18.7781
27.3556 18.3023
16.0993 20.415
27.4642 22.5449
22.8168 21.7771
35.447 27.0073
27.4638 39.3908
24.2915 15.8284
31.1962 28.8475
20.6527 27.1574
13.2443 28.7091
34.8486 20.5115
23.6024 27.3632
16.4085 34.33
21.6904 19.3607
26.9855 32.2859
22.5584 34.8813
17.5852 26.2523
13.0233 27.7084
11.2583 20.9024
17.4281 31.3271
25.8795 26.8518
39.1041 26.9922
20.5191 30.6279
33.9597 18.3888
24.428 20.7458
34.8613 26.4816
13.0522 18.2481
15.2433 13.9379
45.361 31.1914
25.5068 21.816
21.6238 22.8186
37.2332 29.3546
20.8443 23.655
27.7679 39.761
15.0675 28.8869
22.8241 15.8798
23.4396 31.6788
15.5357 35.1509
16.7627 19.3363
5.36689 34.8849
37.1618 34.4345
35.1873 29.3639
20.6766 24.7206
38.4989 14.6311
36.098 36.7871
36.9045 15.0702
34.9785 17.6478
6.83677 31.1144
29.597 31.6458
35.3779 27.0507
29.644 32.6076
34.3784 15.2931
27.7026 34.3963
41.6318 19.4064
8.51816 21.0123
28.5218 16.6961
31.364 22.5322
31.6667 34.7539
30.7822 14.0116
22.5734 38.1816
23.8016 14.545
19.2991 40.2691
12.0531 36.5968
25.2836 17.2103
29.9679 37.9282
30.1479 24.0523
36.8436 29.8802
27.5092 22.7858
33.5619 21.8322
25.7378 20.2822
24.782 12.7258
16.5134 37.9454
17.4319 31.0898
36.3181 23.2348
37.1717 7.49779
14.7908 30.1125
19.2966 42.632
22.1594 4.92012
30.6233 44.4895
12.2365 44.4724
33.0406 18.1125
21.3436 18.4173
26.1709 18.9941
18.3515 21.6721
25.2962 25.8472
17.0821 16.0257
15.7694 23.9257
15.376 24.9066
16.6438 37.2546
19.9845 20.0388
13.5579 30.5533
38.6804 24.8309
26.0399 33.2366
34.2539 31.0356
21.5842 18.6043
27.7741 40.4279
22.616 26.2636
18.8439 42.6526
8.89514 28.103
17.8558 36.2296
24.9056 39.3923
23.1662 15.4443
24.1532 19.3457
23.853 35.5747
15.214 26.7641
30.8345 36.0327
24.1097 24.1549
23.7674 13.9819
38.8658 30.6937
35.8042 14.383
35.515 31.5249
12.8928 34.2264
10.2495 29.108
33.4939 13.1257
18.029 26.0704
9.11153 30.8613
18.1073 18.6677
35.2569 30.351
33.0125 30.9119
18.0353 23.2909
29.8464 26.1564
7.97003 28.1437
38.2247 14.6463
14.1761 31.078
25.0082 19.8469
29.0094 24.973
29.2469 23.9127
29.7565 22.0419
18.8206 24.586
25.8744 31.0845
43.6287 27.351
26.1248 27.4137
16.5422 27.523
36.8728 36.5562
32.2469 15.8824
22.832 14.4368
23.4803 16.0455
15.6997 29.5711
22.0502 19.5027
32.4409 41.6375
23.6908 15.5658
30.8098 26.1005
16.3074 21.9036
33.746 35.1367
29.9647 36.2132
28.2184 14.3296
27.3024 24.3928
29.3312 18.3402
40.5472 19.5179
27.5957 26.6691
29.5245 29.7473
26.1862 35.9421
21.8519 25.0766
21.4733 30.1261
18.842 24.6644
28.1921 16.1384
33.8538 25.0275
28.3853 10.4305
26.2923 18.786
20.412 14.6355
25.5293 23.0357
22.6511 25.4242
38.7349 9.41475
18.8772 30.8799
33.9632 14.2678
34.4177 0.1
13.9008 24.3552
30.059 40.9015
31.7626 23.9263
23.1116 21.9417
19.2172 20.7116
15.6015 13.6279
24.5954 29.295
28.9245 38.7967
32.7312 30.2786
27.2942 14.0327
27.8451 28.8412
29.187 19.6619
25.6053 19.6181
10.4821 11.7252
13.0452 25.9228
18.7969 14.123
30.44 19.0355
26.7155 22.5066
22.021 26.3508
38.2447 25.4832
32.9497 24.1735
16.672 11.1658
25.7391 39.5801
32.68 25.4356
30.1892 19.7701
16.1525 27.264
29.8589 20.9866
25.864 27.8735
9.27948 34.3027
45.7743 26.5794
26.4673 24.8373
35.2377 50.4084
27.6001 21.9081
25.9725 16.7398
39.5932 29.9996
23.4239 32.5978
20.4314 13.7903
36.7798 34.687
16.6093 17.2646
11.3232 14.1808
20.5474 37.3298
32.6227 21.6002
34.8436 38.5658
33.7614 26.632
22.4613 19.1158
25.8418 27.3076
40.0333 23.9684
18.6779 29.2642
35.7214 20.1355
21.1554 28.0976
18.8153 16.6689
22.3361 37.0986
19.7222 22.1929
19.4105 18.6718
33.5262 18.2501
19.8778 10.1033
27.2213 26.4757
17.5685 18.9863
23.2947 22.9968
17.3419 41.1863
24.2806 28.6568
28.266 28.6551
8.19714 23.3938
29.8234 23.2883
23.238 35.3013
17.7837 28.6894
27.0227 16.7952
23.4373 24.2416
37.3593 23.3388
25.8613 17.6628
20.4656 25.0445
35.8197 12.3445
25.1463 28.9445
13.8907 13.6867
31.9378 24.5156
31.5916 16.6251
20.7714 23.7189
8.99977 32.3702
21.0245 17.08
15.1718 26.5215
26.2453 25.119
32.3708 38.4099
24.8851 31.6512
26.0144 25.1478
32.4098 28.762
23.891 30.5155
15.407 19.8295
16.3779 25.3888
32.2071 29.3
16.8925 26.217
21.4295 41.0907
32.3045 33.0646
27.6105 25.8966
24.9417 35.0574
19.7718 16.9882
22.7643 16.1849
20.7606 22.4624
22.3098 15.5975
34.1557 26.1609
30.6744 28.0383
24.6549 30.3195
33.2312 10.8731
32.9783 15.5671
14.7953 22.2597
34.7748 23.857
33.5958 27.3003
20.7205 48.6247
27.1516 8.35988
30.5116 18.3647
29.703 15.6107
28.198 29.339
9.95661 28.0721
27.5088 24.5062
11.4798 31.2179
19.9451 28.6781
23.6621 21.1503
18.6482 26.9091
19.2401 17.8713
26.8127 35.609
15.4086 40.9279
30.4793 31.1568
37.5212 29.6849
28.3978 23.7853
34.9266 22.53
27.7723 26.3549
41.4448 29.0061
36.9456 23.0858
35.1507 33.0974
30.6498 25.407
12.6161 7.45749
29.3796 22.6511
21.2269 26.8781
35.4884 21.336
28.2999 41.8013
15.2482 31.346
25.2894 45.1462
21.8357 18.2799
28.3667 31.9969
30.5945 37.6867
15.4613 20.1126
31.9413 10.7266
18.9431 28.9113
14.2607 27.1256
31.5207 27.1692
11.7112 35.3314
19.9481 22.7872
23.3419 25.3242
32.7878 29.1959
34.3367 21.5411
24.0401 29.1809
32.2327 18.7875
8.07783 20.4922
31.3806 21.3138
23.7051 32.8279
20.4612 18.5845
24.6037 19.3836
31.3286 25.8866
25.9716 27.3962
22.5108 26.9953
22.8167 31.1082
13.1939 28.3384
22.7221 12.663
24.9874 38.481
20.6687 24.0647
23.8722 15.3296
32.5888 25.4496
22.8247 19.6535
38.3041 22.5394
29.4788 45.2897
23.8512 12.8871
34.0089 47.7523
20.5956 14.2534
33.5149 22.7306
28.2169 24.4745
33.1856 27.8049
34.548 32.8977
19.0825 28.2494
7.0989 14.2166
19.9386 26.3238
36.671 24.131
17.9432 22.1387
28.5766 39.8656
34.1695 24.7145
26.46 22.1385
25.5992 27.321
24.9607 21.8291
24.6333 20.2956
19.2832 20.9333
20.0072 22.3187
20.1887 26.1684
25.789 27.5534
32.751 36.5919
33.5999 20.6309
20.0429 28.3559
16.8197 31.8026
23.2512 20.6195
30.8715 13.7469
24.8708 36.9589
31.8002 22.9295
12.2647 36.9681
33.4048 21.5965
21.9632 27.9715
6.54995 30.2178
17.396 15.0299
34.2141 21.193
23.5816 16.1133
32.8166 19.0026
17.9698 32.2492
28.44 11.8649
22.8683 8.70598
27.7377 12.5894
33.6747 11.5689
14.273 17.3905
25.1555 30.3049
23.351 40.411
39.3118 18.3633
19.5938 8.12364
24.8165 30.9027
30.0101 14.8374
27.3722 28.7063
32.9193 27.7122
17.1306 21.312
18.5895 23.9035
20.4085 12.0533
20.0932 27.3283
33.4113 30.6205
24.9572 28.3261
24.6711 13.6578
30.7399 24.1238
27.2497 17.8161
29.2651 27.8459
22.9408 44.9301
24.5826 33.2778
27.1898 20.9028
20.1144 22.1552
19.3512 20.5521
25.0045 31.7962
20.53 39.4924
23.1324 20.2583
21.7412 12.9976
23.9031 29.9561
18.5644 12.2825
25.6138 47.2015
21.8016 19.4417
17.0718 22.1114
14.782 15.9386
28.7402 30.228
23.4208 23.8468
28.0711 39.4675
23.312 19.949
41.5638 20.8217
26.0803 14.7027
17.3598 40.0377
21.1031 28.2961
17.0824 28.0615
29.167 20.626
37.7315 6.49596
29.316 20.6187
36.3318 22.7811
32.0266 27.9711
29.8597 25.5556
11.4326 41.9867
27.3144 18.9547
7.37987 20.3188
36.0051 33.7471
23.1276 27.5473
22.5407 26.3564
32.2598 28.8336
28.8704 29.0007
22.6642 36.7681
37.2973 20.7095
31.0345 26.5109
47.4491 23.0915
29.2451 20.1673
23.2111 27.9799
24.4607 19.6355
34.994 22.5405
25.5979 31.8817
38.6526 39.1358
24.6196 41.3186
25.1245 28.5285
33.9586 0.1
21.7706 4.38104
30.8321 25.3832
17.1905 19.3571
27.9561 39.0387
31.6226 13.6822
35.5252 26.3309
29.8966 16.6732
19.7593 36.2992
34.3655 21.9335
30.3963 9.31168
28.1608 25.9331
31.5568 34.8927
17.1683 15.4601
20.7042 36.72
29.5259 20.329
18.5684 17.8332
32.1538 22.2455
40.0692 32.0366
12.7631 31.7156
21.586 32.3328
18.2265 24.739
35.3681 40.5359
19.3407 27.3913
31.8536 24.428
29.2123 16.6244
25.4928 9.83596
26.9053 34.1549
17.7317 28.2298
15.6341 16.7172
13.9717 32.7705
37.792 43.7398
11.5053 15.9758
20.315 20.1637
10.1661 25.0545
27.429 25.1782
24.5134 17.1533
26.5662 26.9617
22.3839 21.0032
29.2521 24.7362
17.9184 30.9
31.281 20.3133
36.9679 20.5993
30.378 19.1786
36.4074 13.8011
31.4611 24.5726
33.3369 22.7482
27.1561 30.8497
37.2664 18.6505
23.2624 24.1518
29.712 21.1728
14.9906 41.0159
32.931 20.227
20.3425 21.7643
25.88 31.1084
18.0764 26.122
24.6289 13.8911
42.3139 23.7637
16.8151 32.0979
11.4451 35.3093
23.2695 20.5648
21.8173 24.915
27.0383 26.5671
15.0924 24.1628
30.2648 29.0876
32.5879 29.1432
41.4608 21.2791
27.0471 23.9553
31.4854 21.2817
12.8867 26.9868
35.7854 36.1693
28.3771 33.3772
22.0252 35.2596
25.2951 16.0794
20.5123 24.8185
27.6638 23.1205
26.8382 37.3444
20.2528 13.2231
6.35677 27.5419
24.1156 40.2002
27.2187 23.388
19.7899 33.1743
0.1 36.5137
28.2658 42.2277
25.9885 29.7022
28.9002 33.9159
19.13 26.878
21.0832 16.4741
35.0829 19.5978
24.7421 17.9061
19.3414 19.0023
29.847 27.0973
32.9503 17.0782
28.834 32.6087
32.5693 20.3489
23.9976 18.3129
31.0707 19.3481
12.4346 31.1639
31.5848 29.9618
25.5915 35.4345
22.3016 22.2033
17.7732 19.1831
30.597 15.5063
27.807 0.1
21.2358 16.0185
20.8063 33.7245
35.2763 17.6496
35.7838 25.4586
23.2808 28.4168
29.0805 29.4318
38.9884 23.681
15.8657 39.1324
27.9805 22.4103
14.5856 26.014
40.0129 31.3558
16.0872 11.3373
19.5364 23.5514
30.5382 27.1499
31.3626 27.7065
22.3483 41.198
29.5453 33.4799
29.6421 30.9639
21.9194 23.3701
24.5892 14.7168
21.9612 18.434
15.855 27.7876
27.3562 28.1021
29.2894 25.1049
37.8754 30.0561
22.0559 18.3099
17.3967 36.7721
34.6212 20.2994
36.8472 28.8378
31.0239 17.7567
24.392 32.2547
21.7849 17.4027
14.8768 29.9809
27.5771 13.7343
19.4619 16.5732
18.001 32.2362
22.3594 33.0531
31.4131 30.7343
22.9457 36.6262
7.73661 16.6776
19.5359 27.6154
17.1938 23.5742
44.7197 19.7459
24.3843 23.3008
36.0503 37.1591
17.1376 31.8533
34.704 31.1714
24.2757 34.7527
26.2931 25.5802
18.1905 19.0448
45.166 37.7953
22.8427 32.4998
12.6105 16.0383
23.6445 40.216
24.2427 34.3437
17.7607 43.0787
26.8375 24.404
34.8873 18.2906
24.7848 20.1815
17.2232 36.5032
24.3754 23.682
30.6065 37.3018
14.5466 24.5769
30.6143 32.6194
23.3886 15.0151
40.5128 23.0476
19.3834 28.2065
16.6605 37.0549
20.8289 26.1019
11.5099 18.8427
21.6484 19.2896
46.1007 13.8408
33.4501 26.1908
21.8684 32.9977
24.7732 30.0354
35.7279 21.0462
30.8758 32.0342
27.641 33.5012
25.1097 9.94316
35.1853 26.9665
23.027 21.1537
26.7231 20.0896
33.2985 33.4019
23.2632 29.975
16.9388 32.8339
16.9474 27.8315
29.0883 10.811
23.1424 24.2026
35.2237 11.6059
35.561 35.0081
27.577 22.831
10.9444 14.5174
27.1571 37.7634
20.8628 26.1006
28.8279 26.257
26.0384 26.9691
22.9791 13.9491
25.0631 34.1074
26.5848 41.842
24.2831 18.872
28.9274 23.9615
23.4093 28.9681
21.1352 41.8834
18.798 12.2894
23.7733 29.8631
29.206 36.8484
30.8663 21.4312
11.5553 22.403
17.4035 25.6145
21.6401 38.5477
40.2631 32.8594
31.6421 32.4407
17.133 27.0057
17.9885 18.3805
14.9254 24.2445
19.4544 12.5247
32.3418 19.5017
20.8095 15.4472
29.9511 29.6194
16.2747 27.7031
39.1478 27.4014
35.3174 25.1475
25.1864 29.0306
35.3582 29.0252
21.7954 14.493
14.7605 45.5343
16.0374 30.9818
31.3159 21.4544
30.3818 30.9665
8.79859 34.6442
31.9877 23.9905
24.1287 39.0206
28.2508 29.0931
2.60547 27.6356
18.0314 28.611
40.1449 24.1015
37.1574 33.7135
33.8991 21.6498
16.5646 11.0661
19.3302 38.8734
21.3554 30.6636
24.2959 30.3568
25.8537 16.8627
18.2914 37.6501
16.7646 21.1988
30.3587 12.3667
21.585 24.7904
35.6144 35.5002
22.182 39.4259
26.824 20.3971
35.741 23.2894
22.3844 29.838
36.3804 27.8407
14.6415 27.2811
17.1911 19.8086
28.1837 31.6935
32.1899 24.4547
15.6881 13.2538
22.2072 30.2427
28.8154 23.1127
26.8942 10.2761
39.8634 17.462
21.5679 22.8577
29.4176 17.2743
21.7083 30.1533
34.1383 11.3078
19.2081 22.219
29.4905 12.1045
18.962 14.8758
22.2946 40.1425
19.058 19.2506
39.9381 33.1871
23.9929 17.6065
16.3422 17.1451
38.1718 20.9731
35.3241 23.2348
21.1861 39.2865
33.8074 29.468
46.112 22.4208
25.2051 28.4951
28.1039 11.3117
27.0107 16.5077
26.9368 27.6697
19.8822 18.0291
33.2592 23.6127
34.7091 16.9754
20.3379 12.9492
35.2619 30.3058
39.7602 23.8138
24.848 26.5574
24.6795 40.4191
5.70839 25.2628
25.2637 24.2891
25.2135 12.0514
27.2905 37.0664
36.6695 27.141
26.5468 27.4
27.7435 28.9287
35.5511 34.9545
24.8725 22.3534
28.3515 20.7079
31.4075 42.7527
24.1282 31.9585
28.4059 7.49196
23.112 27.5186
20.0097 24.6967
12.5247 18.4768
33.3119 27.0147
28.6886 26.2769
18.8529 29.047
19.6052 26.3167
29.9468 32.7669
28.5354 33.9048
22.7797 24.9394
32.1637 17.128
27.0293 28.5993
35.5823 33.0213
10.964 35.5046
21.6155 23.1712
17.8939 11.9818
15.5809 19.3623
29.4461 27.7249
34.9838 21.4941
37.2485 20.1716
36.5411 21.4198
25.0952 29.8533
17.2836 25.7548
23.1829 10.0118
25.4157 26.6386
23.3671 29.1332
20.2605 39.9264
20.6528 23.8643
22.3674 13.3964
22.9665 33.3724
23.3631 23.0641
19.7733 31.2945
39.9855 32.968
22.4356 30.058
30.0628 36.0852
19.5928 34.7815
23.8292 10.5831
27.1426 19.6814
30.5762 19.1846
25.21 19.0724
30.3017 13.488
17.0842 38.2372
30.5148 33.8657
28.3005 15.1421
17.9625 14.7317
13.5889 13.2604
37.5781 32.9617
23.3842 28.1951
9.69754 28.799
25.9824 26.2545
24.6335 15.7514
17.1185 41.7377
24.5244 22.368
41.8531 28.4232
23.2392 2.62653
22.9162 19.8069
22.7704 15.3838
26.4345 35.404
29.8015 16.9576
26.9936 14.8245
30.2086 38.1155
9.86485 40.4976
9.74834 32.6785
35.2196 27.2092
27.8042 12.4487
25.9395 31.8972
30.2731 12.7787
12.7329 24.0426
30.7737 20.1769
15.2139 8.83503
39.0208 40.6408
18.1331 21.1303
25.3255 20.2337
45.6016 22.6634
29.4081 31.2775
18.2474 27.9947
15.0965 23.9265
22.3436 25.6399
21.2996 34.4924
19.4219 8.72524
26.6075 33.2048
28.5619 30.4499
19.6837 5.18242
22.6753 19.6472
35.6072 19.2005
20.421 43.5539
35.1446 20.0799
25.6954 26.6719
10.4212 21.231
28.1247 32.1622
20.3797 31.6351
30.1482 14.838
18.2434 23.0072
15.2071 27.2015
36.3472 31.5798
27.0979 30.3337
22.8543 32.9796
31.2947 5.46855
36.8848 12.938
23.1762 22.3856
19.6859 26.5017
32.6155 20.7227
18.6008 3.30941
26.2021 27.5272
18.9322 25.6995
19.7188 23.021
22.2857 26.885
20.7897 27.7681
23.3526 32.2928
22.4687 11.2947
37.878 15.2581
23.0119 34.4494
23.7179 25.6212
11.4606 10.8617
19.7012 4.64839
32.3364 32.6817
33.9966 27.03
34.2591 19.6523
45.1067 28.6554
15.3074 27.6251
20.8751 22.9215
20.1804 19.1221
24.3649 22.7637
26.3926 12.5473
23.3021 21.743
26.2859 26.9533
17.6057 13.043
15.5961 18.1495
27.8343 31.2142
28.7562 29.232
23.5067 20.7791
