100 31
0.0300472 28.9876
3.11899 22.9576
0.0300472 22.9576
0.812334 16.9137
3.71941 16.9137
0.812334 35.0315
3.71941 35.0315
3.14904 122.959
2.90788 61.0143
1.62387 61.0143
2.90788 61.9448
1.62387 61.9448
92.3192 174.904
0.0506948 3.74769
0.631769 3.74769
0.0506948 0.655338
0.631769 0.655338
4.93805 4.04867
2.06027 4.04867
4.93805 0.354357
2.06027 0.354357
0.682464 20.6927
6.99832 20.6927
25.5827 20.0395
66.7365 20.0395
25.5827 5.0562
66.7365 5.0562
0.2852 19.6815
2.83379 19.6815
0.2852 9.30618
2.83379 9.30618
