200 256
6 52
6 52
16 52
4 52
4 52
19 52
5 52
5 52
32 52
19 52
12 52
32 52
12 52
1 52
21 52
6 52
6 96
6 96
16 96
4 96
4 96
19 96
5 96
5 96
32 96
19 96
12 96
32 96
12 96
1 96
21 96
6 96
6 4
6 4
16 4
4 4
4 4
19 4
5 4
5 4
32 4
19 4
12 4
32 4
12 4
1 4
21 4
6 4
6 26
6 26
16 26
4 26
4 26
19 26
5 26
5 26
32 26
19 26
12 26
32 26
12 26
1 26
21 26
6 26
6 10
6 10
16 10
4 10
4 10
19 10
5 10
5 10
32 10
19 10
12 10
32 10
12 10
1 10
21 10
6 10
6 5
6 5
16 5
4 5
4 5
19 5
5 5
5 5
32 5
19 5
12 5
32 5
12 5
1 5
21 5
6 5
6 12
6 12
16 12
4 12
4 12
19 12
5 12
5 12
32 12
19 12
12 12
32 12
12 12
1 12
21 12
6 12
6 9
6 9
16 9
4 9
4 9
19 9
5 9
5 9
32 9
19 9
12 9
32 9
12 9
1 9
21 9
6 9
6 5
6 5
16 5
4 5
4 5
19 5
5 5
5 5
32 5
19 5
12 5
32 5
12 5
1 5
21 5
6 5
6 10
6 10
16 10
4 10
4 10
19 10
5 10
5 10
32 10
19 10
12 10
32 10
12 10
1 10
21 10
6 10
6 18
6 18
16 18
4 18
4 18
19 18
5 18
5 18
32 18
19 18
12 18
32 18
12 18
1 18
21 18
6 18
6 9
6 9
16 9
4 9
4 9
19 9
5 9
5 9
32 9
19 9
12 9
32 9
12 9
1 9
21 9
6 9
6 26
6 26
16 26
4 26
4 26
19 26
5 26
5 26
32 26
19 26
12 26
32 26
12 26
1 26
21 26
6 26
6 4
6 4
16 4
4 4
4 4
19 4
5 4
5 4
32 4
19 4
12 4
32 4
12 4
1 4
21 4
6 4
6 29
6 29
16 29
4 29
4 29
19 29
5 29
5 29
32 29
19 29
12 29
32 29
12 29
1 29
21 29
6 29
6 85
6 85
16 85
4 85
4 85
19 85
5 85
5 85
32 85
19 85
12 85
32 85
12 85
1 85
21 85
6 85
