200 144
6 35
9 35
2 35
27 35
22 35
13 35
6 35
18 35
3 35
1 35
60 35
33 35
6 14
9 14
2 14
27 14
22 14
13 14
6 14
18 14
3 14
1 14
60 14
33 14
6 22
9 22
2 22
27 22
22 22
13 22
6 22
18 22
3 22
1 22
60 22
33 22
6 18
9 18
2 18
27 18
22 18
13 18
6 18
18 18
3 18
1 18
60 18
33 18
6 18
9 18
2 18
27 18
22 18
13 18
6 18
18 18
3 18
1 18
60 18
33 18
6 48
9 48
2 48
27 48
22 48
13 48
6 48
18 48
3 48
1 48
60 48
33 48
6 36
9 36
2 36
27 36
22 36
13 36
6 36
18 36
3 36
1 36
60 36
33 36
6 78
9 78
2 78
27 78
22 78
13 78
6 78
18 78
3 78
1 78
60 78
33 78
6 41
9 41
2 41
27 41
22 41
13 41
6 41
18 41
3 41
1 41
60 41
33 41
6 18
9 18
2 18
27 18
22 18
13 18
6 18
18 18
3 18
1 18
60 18
33 18
6 25
9 25
2 25
27 25
22 25
13 25
6 25
18 25
3 25
1 25
60 25
33 25
6 47
9 47
2 47
27 47
22 47
13 47
6 47
18 47
3 47
1 47
60 47
33 47
