100 5000
21 46
35 49
13 69
10 21
97 42
83 89
43 64
24 18
67 13
2 50
54 1
63 54
79 76
4 94
11 53
49 87
47 67
45 17
92 10
89 57
83 31
10 69
95 38
19 20
55 96
34 48
83 42
7 18
100 75
96 48
58 63
93 55
68 56
67 68
70 20
57 29
64 91
8 46
75 31
75 17
72 69
17 47
23 12
23 73
51 40
31 56
83 70
1 20
76 69
10 70
19 17
52 36
78 66
81 30
85 12
99 63
74 17
81 31
74 89
32 13
33 56
47 16
33 39
47 92
22 60
51 24
39 44
77 64
82 72
33 34
47 92
72 29
18 47
69 94
14 15
70 57
64 10
66 53
51 92
73 37
71 20
14 49
39 32
90 28
55 32
29 23
36 25
10 23
45 73
47 43
27 38
98 58
43 3
59 73
20 26
14 93
100 25
49 38
49 26
2 15
12 58
80 1
35 96
74 64
79 63
36 27
10 73
61 75
59 47
12 26
65 69
77 80
28 62
97 57
46 32
96 24
92 18
21 34
89 31
47 77
49 13
93 33
96 21
21 19
7 9
21 56
71 57
80 74
30 96
50 27
34 16
99 95
58 10
83 99
63 82
74 90
100 8
36 70
22 69
12 87
55 33
91 83
58 11
37 71
42 37
5 43
68 38
38 15
41 53
16 99
9 86
88 46
58 69
89 16
56 30
53 72
48 11
67 11
85 31
27 30
22 31
98 7
11 32
96 24
70 64
78 75
75 10
39 38
75 62
37 83
39 78
81 73
75 73
34 90
70 45
59 19
21 78
76 59
47 66
74 55
87 47
74 54
66 62
79 60
26 52
64 5
1 76
13 32
41 75
57 26
81 72
14 99
53 35
7 68
79 44
81 75
33 35
9 26
13 21
9 56
77 57
15 75
30 38
4 9
60 85
13 25
98 82
100 57
10 19
5 86
95 55
33 17
30 12
35 79
33 97
86 74
99 15
72 9
6 91
36 58
61 6
70 74
51 62
97 32
78 4
93 29
27 67
59 12
41 1
64 61
60 10
40 51
60 32
11 66
53 41
67 43
52 67
33 24
37 59
21 99
59 58
19 66
51 56
31 78
14 65
62 56
14 3
97 12
90 99
45 35
20 80
6 26
38 2
25 50
60 13
43 34
39 47
100 4
18 47
5 7
66 8
9 48
60 82
96 18
12 73
68 36
28 14
53 20
38 29
44 96
71 32
25 76
39 89
19 21
18 85
11 8
5 75
68 71
99 83
1 80
72 20
78 2
25 48
13 75
49 70
83 7
62 16
81 19
22 66
39 3
41 58
34 64
15 45
52 8
42 62
27 83
22 79
2 60
100 38
11 36
87 6
11 76
39 28
69 90
22 93
16 47
49 15
56 38
22 8
21 40
42 12
5 65
35 19
54 30
87 95
16 74
12 4
88 70
83 43
79 8
55 86
76 23
31 11
29 85
10 36
20 69
46 27
40 52
91 87
68 100
22 96
100 10
36 71
92 20
63 22
73 11
68 73
96 82
71 19
65 98
94 29
94 57
18 78
72 45
55 41
39 74
7 50
69 46
92 69
53 90
82 41
39 20
15 78
6 78
23 9
74 97
33 52
68 95
57 73
61 79
75 17
87 71
25 64
80 42
98 73
12 80
18 13
60 98
82 93
10 68
62 11
20 88
96 39
46 38
99 38
95 49
89 49
18 12
59 9
13 77
78 48
29 94
95 93
1 22
69 66
30 32
5 27
25 26
93 76
48 55
58 58
37 59
64 66
80 41
49 30
13 79
30 60
59 16
42 65
69 97
38 65
56 77
2 15
93 34
30 57
9 82
19 71
90 55
66 71
33 78
99 74
43 46
46 35
80 49
25 55
79 22
51 91
23 45
13 41
90 53
84 68
36 36
86 33
50 92
85 73
85 9
34 9
77 6
29 68
31 66
63 64
76 99
11 93
24 58
28 39
41 81
98 30
69 4
17 70
27 35
40 93
22 85
41 83
79 46
80 59
98 79
69 28
78 78
65 17
33 99
95 70
5 21
88 57
69 49
8 81
7 20
32 48
43 50
58 91
17 73
42 22
26 73
66 41
96 98
97 15
78 65
98 29
96 47
84 56
18 75
87 48
82 36
16 20
67 53
77 56
49 96
98 32
72 86
50 44
73 29
39 8
48 54
26 12
17 80
18 24
12 36
57 27
94 3
68 8
8 37
18 78
90 97
48 14
6 83
89 70
55 22
25 18
89 63
89 55
81 45
75 32
63 6
48 46
82 52
21 20
5 95
51 88
21 5
21 58
68 93
25 4
72 42
29 34
97 70
29 13
50 13
78 13
84 64
82 97
4 16
71 41
87 42
54 35
64 62
97 74
94 14
9 86
27 92
40 5
26 86
14 27
22 100
24 84
8 73
7 97
18 5
39 21
72 49
74 1
96 26
3 80
75 31
86 41
37 40
78 96
73 33
53 12
44 33
14 49
78 79
94 72
9 36
43 70
94 82
76 51
33 93
70 54
28 79
90 90
12 48
36 40
24 30
77 79
83 89
82 27
63 56
32 36
23 33
10 79
90 48
75 15
64 58
34 6
51 8
77 72
43 38
64 54
8 78
1 35
73 47
63 15
72 97
47 15
99 61
21 56
44 86
31 65
62 47
56 73
38 98
58 34
60 31
7 76
35 70
32 90
78 88
37 80
52 29
26 74
74 99
83 16
61 13
75 17
64 39
11 97
70 70
72 22
33 84
74 21
59 85
36 35
6 41
22 96
14 72
62 49
92 28
26 71
86 41
51 19
11 30
81 31
11 66
39 45
86 43
98 10
51 61
91 74
37 95
74 14
6 45
4 34
38 39
49 100
62 43
27 42
95 65
35 41
41 33
100 52
58 6
40 26
92 29
87 84
55 41
33 49
3 3
38 31
75 62
2 2
11 25
53 59
88 63
7 72
67 87
13 47
13 26
67 87
3 16
99 8
53 91
50 30
83 16
54 75
62 26
86 62
80 10
55 34
23 58
62 37
93 13
76 14
73 54
98 80
28 67
16 35
50 68
54 37
49 6
53 42
95 90
21 40
70 11
7 61
61 99
72 93
67 19
76 1
82 28
45 13
72 61
6 80
44 4
2 1
97 48
76 75
27 96
13 12
88 99
3 28
90 89
89 31
45 55
18 39
78 15
10 92
79 97
4 49
11 28
91 34
69 13
34 97
1 49
90 77
67 8
94 14
72 78
1 6
74 1
12 91
84 68
24 54
16 78
24 28
94 91
55 49
30 60
15 32
98 76
32 25
32 11
31 75
12 84
44 97
40 15
64 9
63 93
95 1
68 9
66 67
27 79
86 70
12 93
65 12
40 75
100 53
99 22
5 83
19 22
100 80
34 5
78 41
15 36
75 74
92 30
25 62
32 91
71 100
27 43
20 85
49 66
36 72
79 53
30 8
32 67
96 68
38 76
29 89
55 67
49 84
75 99
65 59
95 7
84 84
81 28
88 12
62 9
42 47
11 77
33 64
31 33
2 4
77 42
59 82
10 66
78 34
99 47
97 72
96 29
4 16
46 54
91 22
42 22
2 94
54 11
49 10
100 21
39 26
99 33
83 67
35 86
31 38
100 76
87 52
74 79
60 76
30 87
72 40
75 100
83 83
10 27
88 16
49 26
29 19
82 17
73 7
53 35
37 80
10 56
24 86
63 91
39 74
52 42
41 57
18 44
69 62
8 87
10 70
90 89
29 24
97 37
61 51
56 83
43 26
20 58
4 93
54 3
94 16
18 97
56 63
11 26
13 80
10 21
46 56
90 70
67 48
88 48
39 15
78 83
13 41
29 97
96 23
84 10
71 3
44 64
36 54
54 62
11 25
13 25
25 88
60 95
69 96
41 88
7 68
10 68
27 82
62 63
3 13
1 84
54 37
48 16
6 18
35 16
86 74
59 99
85 14
99 33
23 8
16 62
86 46
93 90
48 87
50 91
33 95
78 97
14 81
67 46
70 9
29 26
28 25
82 4
8 39
40 4
22 27
75 46
35 52
27 69
28 71
23 3
53 74
29 79
65 80
61 32
58 45
11 96
65 26
31 38
53 68
41 54
36 80
78 35
94 24
69 54
90 23
96 91
25 37
54 61
34 30
20 88
41 5
20 60
29 12
87 27
62 99
85 69
44 47
59 13
68 92
37 37
1 4
74 8
21 46
30 38
80 22
49 50
91 45
25 20
23 96
64 42
76 8
86 44
58 96
14 76
95 74
47 100
83 35
40 89
50 22
58 65
77 38
20 4
9 46
13 3
73 3
28 84
69 90
83 100
55 34
33 29
17 72
64 98
56 3
45 66
51 100
89 96
55 99
29 79
69 36
94 9
81 11
23 27
54 33
56 99
28 48
12 96
19 70
23 84
46 47
94 23
13 14
75 61
86 23
69 75
94 7
19 86
56 62
10 22
34 99
20 30
90 98
6 94
43 61
72 12
36 62
69 83
86 95
99 65
80 51
3 5
50 4
84 44
99 94
95 41
4 8
29 28
86 13
97 82
89 44
26 69
31 26
32 34
28 14
36 8
62 5
89 75
61 49
98 42
81 100
19 84
45 63
77 50
12 47
85 70
96 14
60 72
61 12
62 58
86 91
1 98
65 22
89 44
62 11
54 99
13 59
6 75
2 47
85 14
67 70
55 26
24 21
37 27
49 95
82 77
85 28
32 30
87 97
76 54
2 42
65 93
87 42
89 54
18 47
93 93
99 72
26 48
86 76
84 53
6 16
28 8
14 24
13 19
2 32
26 48
74 78
25 42
31 31
58 53
28 88
65 84
35 81
78 27
90 91
37 87
84 25
86 22
26 65
23 48
65 69
18 2
52 45
94 54
14 82
36 13
66 100
39 78
40 86
12 6
100 32
59 57
16 5
23 50
11 46
79 20
28 79
93 5
8 83
79 1
94 39
51 76
18 21
3 12
54 27
94 62
21 12
92 10
51 1
86 94
76 17
78 23
83 55
74 98
31 99
8 17
29 6
88 40
71 18
36 27
63 37
47 59
58 21
56 55
58 58
40 48
98 81
19 17
57 99
3 39
76 79
66 15
70 81
16 86
22 80
53 17
51 54
48 64
93 36
61 59
88 1
81 37
48 13
64 63
26 13
62 17
27 88
18 38
12 91
64 26
25 29
77 55
50 30
2 28
42 26
17 3
52 90
49 25
41 51
94 96
51 100
24 52
82 4
84 45
5 95
95 64
35 81
87 90
68 87
25 37
3 41
59 54
45 41
39 56
15 85
39 74
33 80
23 39
40 45
87 88
10 6
59 82
41 13
3 59
21 32
31 74
40 9
54 74
73 12
24 87
48 18
34 45
34 10
99 80
18 75
71 68
94 76
33 27
71 45
7 14
89 12
34 17
67 41
80 73
7 74
61 13
77 20
87 3
22 95
37 49
47 46
77 30
92 59
98 12
53 51
66 12
79 56
78 55
38 53
93 14
66 92
59 75
75 95
28 25
82 5
59 47
70 4
66 24
16 96
82 17
53 9
93 9
29 19
30 96
44 61
5 6
31 17
98 47
7 89
66 91
71 95
30 13
65 20
27 33
36 10
13 25
64 29
2 64
13 61
96 29
79 56
56 85
11 37
89 39
48 51
62 69
67 15
16 38
45 7
72 34
1 20
64 85
33 39
19 94
35 22
94 67
76 74
18 68
41 24
39 65
63 93
16 88
53 84
82 98
52 27
45 91
44 32
97 95
68 3
79 8
55 100
30 88
30 79
50 43
87 63
76 11
90 38
65 84
28 52
17 13
61 36
24 23
24 73
95 97
74 25
35 38
31 89
70 24
25 45
99 28
12 58
76 10
44 44
100 68
40 75
73 89
12 14
32 78
30 18
43 28
44 8
25 73
20 12
34 40
58 22
34 66
8 89
13 59
16 68
41 63
19 8
31 83
36 53
54 100
13 33
66 40
44 53
5 90
5 35
52 90
32 73
100 58
43 8
20 100
22 53
25 87
12 78
58 6
38 78
3 36
35 85
85 20
90 39
62 81
5 23
10 25
67 16
79 54
38 73
88 49
89 8
97 10
88 25
2 7
83 70
37 22
33 3
94 76
93 86
95 7
9 52
19 94
50 40
44 13
22 15
92 73
38 83
44 64
75 15
56 7
18 19
81 42
18 34
68 6
5 18
43 2
45 99
40 52
20 8
11 44
29 12
1 45
96 82
55 96
75 66
89 45
7 91
52 41
79 29
19 36
98 51
94 16
21 33
10 92
47 74
98 100
92 46
55 15
79 94
90 44
2 8
40 73
36 64
93 82
99 34
48 87
5 24
24 78
78 65
19 57
36 61
80 77
69 58
25 40
42 3
24 2
33 10
8 95
58 41
63 12
78 48
11 84
56 89
4 5
58 34
77 18
68 80
97 27
57 28
60 37
89 10
87 54
4 71
7 42
70 78
51 86
97 85
32 92
33 42
35 28
69 15
99 76
69 59
56 77
63 94
76 33
80 49
95 72
20 56
5 46
75 83
38 13
52 8
80 53
8 48
4 100
77 42
50 77
72 16
100 84
80 94
66 79
55 57
23 59
49 88
54 69
68 93
49 76
5 24
84 41
3 56
63 39
2 14
97 42
4 88
87 37
93 82
52 80
42 4
8 24
86 34
47 97
61 27
27 85
52 77
88 6
74 51
93 43
60 46
3 52
28 97
7 92
68 82
65 43
41 50
100 10
51 82
41 78
1 48
35 4
63 84
12 70
48 93
6 87
61 36
47 53
73 64
34 56
40 43
51 19
48 14
35 48
5 7
79 13
66 40
99 38
1 12
13 99
56 62
43 8
97 12
15 50
75 93
43 5
61 85
68 92
55 88
23 28
35 82
71 87
36 17
43 99
50 26
12 17
3 99
62 17
56 25
54 73
100 6
16 17
18 89
22 63
22 56
47 37
11 87
65 36
66 93
55 15
2 97
44 96
26 90
75 41
33 49
77 100
91 53
41 99
79 88
7 44
75 56
26 90
44 15
70 69
70 10
35 29
45 15
29 44
71 60
80 35
75 53
33 49
14 40
49 19
14 77
100 57
23 8
12 63
14 69
82 24
9 100
87 93
70 61
96 68
60 2
53 27
98 25
26 32
93 42
54 60
67 47
11 42
49 6
33 67
86 85
35 61
55 12
39 82
17 55
57 27
82 59
31 16
72 23
43 24
33 68
59 80
86 67
26 51
50 76
94 82
52 91
19 53
66 38
37 37
5 98
72 5
12 84
7 56
60 7
75 96
39 95
45 17
94 64
55 67
46 76
4 81
65 100
73 3
28 22
70 42
1 29
29 13
64 89
36 44
63 79
100 79
1 46
99 76
45 47
33 44
91 9
14 75
65 23
63 4
85 58
59 47
62 68
8 69
1 81
71 36
47 30
18 8
16 16
44 25
73 64
55 68
15 58
57 90
96 77
63 35
98 46
78 7
37 59
36 90
3 48
69 8
25 47
45 83
46 70
64 3
41 65
32 60
77 59
34 4
27 87
17 51
19 98
97 66
73 24
50 26
39 44
14 74
13 40
100 28
8 60
63 57
95 80
53 30
5 22
18 78
10 51
68 42
97 69
91 58
33 78
4 83
70 22
40 14
41 92
44 36
15 82
77 96
37 71
85 67
48 82
80 85
74 21
16 10
52 44
71 61
46 79
100 94
9 80
29 88
85 91
16 36
21 15
32 41
40 50
67 1
100 80
33 64
30 97
86 86
86 80
56 95
44 84
88 26
45 79
53 97
10 91
42 61
64 22
83 1
37 22
8 81
36 83
67 45
90 9
63 37
67 36
11 5
53 97
100 33
3 90
59 76
14 74
34 73
8 90
47 64
87 63
88 98
73 24
97 63
92 1
85 91
50 71
64 45
44 13
10 26
67 71
25 39
28 90
94 10
18 36
17 24
29 4
28 26
92 97
28 74
37 26
37 89
28 46
93 9
5 89
33 33
61 47
19 34
92 46
52 16
42 29
4 14
65 26
1 75
49 64
19 44
53 40
15 8
43 46
2 42
96 61
79 21
53 13
88 13
75 79
18 59
30 32
71 32
3 100
3 99
51 42
49 16
90 45
75 2
26 25
5 85
87 68
26 41
93 9
86 8
16 92
88 17
94 17
68 15
89 23
39 55
25 73
65 69
14 49
28 47
71 76
23 56
73 73
86 30
24 78
66 31
88 91
95 71
9 21
96 26
11 42
36 39
13 14
29 55
38 59
100 36
89 27
71 57
78 44
23 68
98 47
8 85
91 38
30 57
78 97
8 97
95 54
96 63
55 67
16 32
93 16
77 74
36 12
7 67
26 54
84 2
35 50
75 37
93 57
57 7
13 44
35 86
28 54
47 1
13 42
49 43
21 46
63 13
86 75
40 34
68 76
72 22
45 37
6 93
19 23
43 52
46 54
70 47
10 14
11 27
45 22
30 41
51 82
71 95
11 55
42 92
86 56
67 88
51 56
54 72
87 97
63 9
11 60
34 90
12 14
15 10
75 90
61 95
56 87
83 16
70 47
8 79
76 17
25 2
93 2
24 42
29 38
93 41
7 40
51 49
49 83
86 84
56 17
12 5
1 88
83 96
1 1
32 59
11 69
83 83
66 39
35 5
86 29
51 89
40 6
58 6
78 27
30 88
2 57
35 92
49 79
19 89
62 43
44 48
5 46
74 67
52 45
12 10
94 18
92 98
91 42
92 41
45 79
64 44
1 32
99 86
55 31
82 48
5 29
50 32
84 82
43 37
22 88
1 23
39 78
74 80
8 18
45 54
75 61
59 10
77 98
30 39
17 37
8 79
19 22
96 29
73 66
31 11
55 57
8 52
8 84
98 52
48 30
100 61
31 47
99 14
26 50
22 17
35 62
69 95
6 78
34 58
53 89
88 75
46 94
64 13
60 14
58 24
84 23
94 65
94 100
84 65
66 26
9 54
36 56
15 85
68 53
87 85
51 56
32 27
83 98
52 57
49 93
63 96
42 37
51 93
99 91
51 18
51 22
25 29
9 79
88 15
62 46
11 52
10 8
33 21
13 34
70 86
44 13
47 92
3 14
98 54
86 58
74 87
14 16
90 92
89 75
80 47
81 67
26 89
96 75
51 73
10 93
63 18
85 74
95 45
73 14
7 80
25 53
91 66
16 76
29 88
31 31
63 66
46 75
32 15
25 69
90 20
46 92
58 4
56 37
68 57
35 25
35 55
24 24
86 52
8 28
74 61
57 73
71 8
55 19
55 4
13 32
57 48
68 34
20 17
89 44
65 51
30 18
31 68
55 4
9 9
93 40
38 37
40 1
34 45
56 19
44 97
90 47
73 85
74 68
97 55
13 24
80 78
8 37
33 77
74 21
95 36
22 88
79 60
21 38
67 5
96 46
77 89
74 9
97 38
84 63
52 39
80 37
10 6
100 49
67 91
2 74
96 68
87 70
40 95
86 65
43 11
1 49
61 9
27 54
28 30
56 8
64 44
46 74
93 26
51 80
23 79
34 39
63 46
53 16
75 38
67 94
75 23
81 18
67 71
2 58
40 3
30 87
5 18
47 73
44 49
33 36
72 12
9 71
89 83
95 60
89 53
43 97
6 66
43 29
21 94
18 39
23 58
2 55
85 70
30 72
24 60
31 99
49 16
8 76
71 62
76 23
27 10
39 8
33 39
12 44
79 21
51 30
31 93
46 11
29 56
55 78
74 45
33 16
82 81
97 8
40 87
96 33
73 38
20 36
74 5
25 48
11 83
29 9
2 72
14 72
7 18
57 98
89 30
57 33
46 32
66 55
87 23
89 100
25 64
61 89
18 98
7 52
4 44
94 20
34 71
2 37
41 72
49 63
52 75
16 88
56 99
87 81
70 86
98 16
90 62
68 14
97 36
87 80
48 59
70 21
26 100
40 74
18 99
94 5
38 86
38 12
26 94
88 90
49 72
52 35
33 6
31 44
94 54
3 71
13 92
12 20
52 15
79 33
42 13
76 9
37 30
20 47
66 98
20 96
36 80
92 13
36 18
30 57
47 35
15 42
14 34
91 42
15 22
52 52
18 36
92 31
66 13
11 42
27 63
5 82
73 13
96 46
50 20
50 52
88 72
55 40
48 70
97 83
47 96
70 54
31 9
25 40
45 57
97 85
91 54
70 25
80 50
68 18
20 86
52 37
44 11
54 77
34 27
57 28
36 82
93 80
47 45
27 42
32 12
79 24
87 51
38 92
24 36
78 36
21 42
12 3
35 4
78 61
74 29
32 26
90 38
12 48
15 68
55 67
95 38
17 20
5 18
65 50
45 29
83 41
100 31
16 42
93 71
39 43
97 29
78 60
1 41
21 15
62 89
49 6
10 31
21 87
52 87
82 48
21 18
94 47
80 54
3 3
56 72
69 27
52 81
93 69
36 17
35 19
27 7
79 61
78 97
59 39
9 26
48 62
73 70
48 4
1 56
32 75
72 26
45 45
57 86
100 40
72 86
1 38
61 75
82 53
70 6
81 69
21 61
18 65
95 75
70 77
47 85
78 52
9 25
94 75
17 49
78 46
93 94
23 55
9 30
9 61
35 67
95 45
10 12
5 96
30 49
23 87
11 81
97 69
41 91
23 68
91 30
66 76
85 55
36 61
54 87
15 42
65 92
26 4
11 51
86 36
88 37
64 68
29 67
71 37
12 81
65 33
31 26
43 44
26 29
4 16
8 29
75 4
87 21
70 97
90 76
77 86
86 81
59 96
99 3
54 95
46 27
11 66
60 35
28 49
43 85
29 89
52 55
82 70
79 85
97 24
92 97
79 95
99 41
35 35
20 51
55 65
4 53
57 24
51 69
68 58
32 98
48 58
63 62
6 74
36 56
86 82
55 92
71 69
18 90
14 56
34 98
100 94
78 28
81 37
86 87
79 97
23 73
16 19
31 57
37 8
54 76
77 24
78 71
42 35
8 23
60 51
83 4
90 69
13 28
15 27
29 28
85 69
59 33
16 4
55 36
21 67
94 79
66 28
39 21
76 88
15 99
52 54
12 69
1 30
73 72
11 100
26 7
88 45
20 63
60 48
47 30
80 59
4 46
61 64
51 28
37 86
44 78
54 93
51 36
19 50
28 86
42 58
74 96
36 56
62 14
50 78
54 30
2 49
96 71
31 92
92 75
21 56
99 16
18 47
58 53
55 21
65 85
63 69
38 37
50 88
2 6
99 31
73 8
94 69
3 97
87 27
71 83
5 15
86 8
92 39
34 71
14 89
91 52
72 89
71 94
82 78
24 92
35 31
29 26
90 20
10 9
100 12
100 50
51 36
16 83
58 53
12 46
53 83
72 16
17 49
66 43
50 26
94 75
1 83
3 45
99 81
59 58
59 44
55 95
48 84
10 79
99 82
84 54
64 49
60 92
55 1
90 10
25 75
61 73
71 72
81 7
59 11
36 14
17 77
78 82
61 48
20 9
22 58
27 94
45 17
37 40
48 45
87 25
26 16
43 6
14 48
84 75
78 36
42 50
77 46
21 13
49 43
54 27
6 2
42 20
7 1
64 28
10 87
81 96
77 26
2 80
68 11
43 16
67 90
68 18
66 56
5 94
7 21
6 57
21 64
88 62
10 77
87 17
18 97
83 30
94 90
70 86
50 43
35 31
88 70
34 60
93 4
63 43
96 100
2 76
6 52
5 11
21 86
62 65
68 2
37 39
63 38
73 17
50 5
94 66
93 16
98 68
48 95
5 54
21 70
24 90
6 12
98 31
90 53
35 80
100 36
26 39
85 13
39 17
99 2
38 67
60 96
17 73
77 41
64 92
44 46
40 18
22 34
40 56
38 19
67 49
5 3
29 92
78 54
16 54
79 90
46 98
72 63
31 67
21 7
23 23
73 88
82 67
98 79
79 28
72 66
80 79
51 38
24 52
34 18
89 30
95 3
23 65
17 17
15 94
4 44
91 69
77 7
66 89
76 6
66 19
18 93
61 93
57 89
81 10
50 3
23 73
73 60
21 3
17 36
77 65
46 25
42 58
29 29
50 24
98 98
94 63
15 89
24 43
92 76
82 29
50 47
20 76
67 31
4 75
90 17
26 6
60 92
28 56
44 40
58 14
22 82
99 24
97 55
31 46
72 73
36 41
33 64
11 30
24 88
90 8
16 54
76 67
70 79
45 19
98 32
51 88
23 92
8 97
60 68
29 38
91 38
52 43
45 18
46 91
41 62
21 94
63 42
24 73
17 96
45 76
95 12
15 29
87 87
4 8
93 13
63 61
83 75
50 14
5 59
25 31
66 43
1 81
32 51
88 29
20 39
97 8
55 52
28 36
14 26
42 31
62 52
40 57
21 31
83 30
57 29
43 73
94 94
81 91
24 91
11 95
11 25
4 81
79 49
94 22
99 75
96 81
64 79
40 18
13 52
6 46
85 98
48 42
22 21
23 76
75 2
95 25
100 65
19 84
86 1
27 60
76 13
11 13
100 80
6 74
19 81
74 39
75 85
89 58
38 93
4 48
24 28
3 26
2 87
28 6
40 99
8 34
41 1
31 66
26 42
42 38
52 65
47 93
21 60
59 71
79 86
35 1
87 4
61 22
41 39
20 8
64 51
66 82
64 99
30 61
36 78
58 72
28 35
64 7
75 64
1 23
25 34
4 99
65 77
96 13
55 92
2 93
48 43
44 38
80 28
70 94
29 51
19 53
44 51
88 44
95 31
58 71
19 15
40 87
36 99
24 21
75 2
97 33
98 80
45 26
29 65
93 20
77 88
47 1
2 90
51 63
57 49
97 42
9 23
32 89
28 86
73 23
77 49
95 27
30 24
49 12
40 75
18 70
100 28
88 55
90 72
69 27
57 67
57 55
100 13
51 46
46 53
14 32
2 5
13 2
24 17
49 27
94 15
81 94
71 96
9 69
93 45
18 86
44 34
47 39
27 75
47 33
33 50
76 81
56 25
99 9
13 8
63 60
17 37
38 50
2 18
93 6
66 63
53 53
14 21
34 49
40 11
42 26
5 82
91 8
73 98
74 100
34 6
21 42
48 70
97 91
49 30
97 45
32 67
67 50
35 93
1 79
4 92
90 34
8 73
90 17
75 23
1 20
41 42
39 60
18 90
9 84
33 9
57 60
1 72
64 87
7 93
66 71
73 57
34 9
77 91
15 37
82 85
62 8
77 57
60 14
81 41
41 67
91 87
80 40
15 81
21 36
10 96
51 88
38 72
89 49
1 45
47 9
96 6
81 37
28 53
86 58
75 65
27 94
87 57
28 60
53 81
32 85
14 52
82 28
41 25
97 70
83 40
74 6
88 76
59 42
15 52
29 82
35 8
90 74
46 96
5 63
87 71
96 29
86 36
53 39
30 5
15 62
66 13
94 26
50 33
26 95
29 98
8 85
20 47
44 23
17 33
57 56
20 49
8 58
100 51
6 32
19 16
100 61
53 21
44 78
81 7
91 72
28 11
49 64
23 25
91 19
30 28
1 23
78 23
51 43
70 11
8 18
30 55
68 2
93 2
14 64
77 43
91 38
79 61
60 35
65 36
45 4
97 9
96 31
55 59
90 89
41 8
92 64
2 96
7 33
16 100
32 51
45 1
42 39
61 67
65 33
73 9
59 88
81 93
58 7
22 96
75 78
21 2
99 67
60 15
32 22
83 48
6 9
24 86
97 61
46 62
71 39
43 99
72 43
66 68
10 15
80 71
37 96
2 77
100 39
90 89
51 55
14 94
71 42
86 1
14 94
36 48
60 63
81 58
88 19
12 38
18 51
64 57
88 99
67 74
50 32
76 24
87 87
61 9
76 33
82 94
97 55
67 93
65 1
29 16
63 87
35 96
40 92
45 26
54 39
21 30
17 34
86 83
22 13
11 94
11 29
88 86
56 20
54 71
57 56
81 57
85 42
52 49
95 26
49 32
4 20
6 45
66 96
100 66
76 52
87 92
54 50
39 9
63 44
2 100
36 97
23 74
67 12
91 50
78 62
52 44
61 46
62 31
28 88
79 10
48 62
18 85
38 92
59 54
28 86
62 79
83 47
66 48
30 94
97 12
73 77
68 39
92 99
91 81
17 56
99 16
80 38
100 91
64 67
70 77
99 41
73 61
40 99
27 76
76 18
29 95
14 93
68 20
53 65
94 28
23 50
54 81
45 1
71 77
51 57
21 77
58 92
55 63
29 17
45 6
84 15
27 7
62 48
7 89
65 23
22 45
85 14
86 51
23 1
19 72
63 36
41 62
10 89
13 91
74 60
15 37
69 74
45 95
78 68
85 35
3 9
14 23
46 31
45 83
79 57
56 1
1 2
24 83
40 64
31 10
91 96
72 31
75 27
25 90
1 51
14 75
28 36
6 27
15 71
87 38
2 50
13 75
29 16
2 54
67 6
58 36
81 86
11 76
90 82
2 97
86 20
12 94
71 52
67 75
72 60
69 89
20 95
77 78
87 60
11 71
53 17
19 16
14 21
85 49
91 5
76 43
46 26
53 11
9 65
59 37
72 92
91 42
20 6
83 56
86 37
78 43
59 91
14 20
90 10
18 92
13 30
87 20
83 3
60 97
100 21
79 39
69 57
62 98
8 86
84 15
30 88
71 22
52 70
39 85
79 50
32 13
3 74
55 81
9 94
72 75
46 3
81 65
75 53
42 51
48 44
99 68
78 71
70 28
9 52
70 80
61 94
97 15
71 32
55 22
94 14
19 83
76 99
52 18
7 77
77 45
81 56
18 36
24 20
97 38
5 34
100 17
61 89
98 22
52 21
42 33
94 65
66 85
83 51
32 59
87 30
9 68
52 8
22 45
10 46
45 87
49 22
81 30
99 88
26 78
53 23
5 51
55 70
44 3
19 15
77 28
42 54
94 39
42 95
95 91
28 41
62 69
17 50
24 94
14 15
24 60
15 22
66 85
10 2
99 79
89 24
23 55
79 92
32 40
62 15
94 77
78 27
43 4
60 54
36 44
78 74
68 22
75 34
51 32
85 88
31 64
45 57
9 60
84 59
46 16
18 85
26 81
24 23
62 8
81 99
34 41
48 35
54 38
18 81
5 17
1 86
41 51
14 87
13 21
33 49
98 93
8 35
6 30
18 33
39 60
70 15
87 40
88 16
22 36
67 58
49 68
82 7
10 76
85 65
29 88
61 17
34 1
86 59
15 66
87 44
60 78
74 14
35 86
4 4
43 28
67 100
69 16
35 41
58 22
44 3
69 5
28 53
24 11
48 23
96 67
93 52
15 52
71 38
29 24
45 80
30 4
26 2
16 23
45 32
40 26
87 77
11 67
10 54
25 98
1 20
88 27
13 11
63 100
35 49
82 9
18 39
6 35
36 69
70 94
57 68
5 51
95 79
35 83
56 71
71 46
28 5
38 76
17 60
9 38
90 32
77 10
33 91
85 22
72 7
37 34
57 66
4 50
17 23
68 29
53 14
63 89
60 74
82 8
12 62
77 29
22 89
18 93
38 95
82 53
29 5
13 38
12 17
71 92
31 80
56 28
99 77
100 45
97 15
97 63
28 24
70 42
91 71
24 91
57 62
26 43
63 56
67 36
6 47
38 100
43 51
47 64
14 23
67 75
14 44
38 54
28 53
57 30
89 15
62 75
79 58
39 5
89 67
57 14
96 24
32 28
65 26
21 49
65 100
65 15
47 14
31 98
38 32
36 51
73 88
75 45
27 81
80 70
3 58
56 46
65 26
63 15
49 86
88 69
38 44
17 79
93 73
53 34
31 75
81 65
96 35
99 3
96 29
3 6
59 30
5 71
97 7
94 97
91 7
53 87
53 74
21 64
79 39
33 90
16 75
64 30
49 89
34 64
2 70
80 63
99 68
45 73
85 52
74 8
79 37
46 64
9 77
26 83
1 8
97 76
95 43
68 99
96 22
3 80
68 79
15 16
27 37
88 67
72 65
87 80
33 99
52 21
64 55
21 8
45 68
69 41
13 6
10 98
75 68
6 59
69 91
58 64
87 78
56 72
22 98
37 48
100 28
75 50
32 3
33 41
68 1
72 45
67 39
20 19
6 15
44 93
32 77
54 47
70 25
30 60
42 16
16 84
38 81
38 19
38 96
12 62
67 30
68 59
29 37
96 34
79 76
31 26
94 33
1 61
64 86
85 54
93 15
5 14
5 17
86 29
38 31
65 60
42 52
64 13
33 94
51 85
42 73
26 28
21 96
31 76
71 55
76 37
68 57
49 30
26 50
82 99
5 97
5 79
26 74
5 75
55 100
43 69
30 83
97 85
71 31
7 34
35 85
63 68
21 79
2 30
5 87
32 74
72 65
28 78
80 44
22 98
68 96
87 65
26 76
65 20
97 43
82 59
24 6
35 73
84 67
40 75
84 45
70 14
72 4
58 51
70 94
100 92
1 69
30 7
32 4
3 94
61 42
54 32
29 56
17 42
93 26
79 95
57 64
22 81
52 16
31 59
39 20
41 85
49 15
54 61
70 44
65 70
100 50
7 55
60 24
48 52
84 79
45 90
67 92
65 60
97 99
77 88
55 26
91 84
60 26
54 17
5 49
91 25
8 69
51 61
84 35
78 19
66 23
45 88
1 20
52 74
84 84
85 77
11 40
84 27
20 34
54 53
9 21
66 46
70 61
55 46
90 26
3 5
38 39
91 6
53 66
91 3
33 52
52 8
98 48
92 50
56 24
93 97
44 57
19 29
78 86
79 47
41 66
36 89
86 19
38 5
55 7
97 61
57 49
75 87
2 30
53 13
35 12
43 1
86 76
30 1
18 38
20 90
15 53
7 75
20 3
47 15
34 95
78 93
37 73
57 21
94 98
90 34
70 75
85 46
24 33
96 38
32 45
29 88
42 55
73 87
79 28
42 38
21 78
42 48
74 43
76 97
5 8
67 11
45 30
51 79
49 22
61 43
95 7
80 27
84 61
96 39
49 20
98 16
36 2
23 58
70 38
84 61
27 8
17 35
51 82
49 80
90 71
10 2
50 56
34 81
28 78
27 21
95 84
73 94
33 45
7 79
55 58
28 91
47 27
59 57
46 87
16 83
42 11
40 99
74 78
38 81
73 29
57 78
60 91
6 42
45 85
36 38
95 64
51 15
70 96
43 73
92 72
81 97
74 62
36 73
76 20
71 31
1 11
86 33
81 66
74 85
7 77
66 44
64 96
12 65
67 53
44 13
94 77
88 24
32 83
9 42
39 34
28 32
74 51
19 53
24 99
83 5
10 24
93 99
9 92
4 80
12 52
58 15
79 1
91 86
87 96
22 72
61 83
82 86
33 79
67 29
92 49
23 85
83 94
30 52
21 66
73 9
98 80
12 39
91 70
68 37
33 16
63 46
17 85
53 98
89 16
35 87
27 74
38 85
31 11
99 18
79 56
11 64
1 17
86 22
83 6
1 96
34 77
86 33
29 78
78 30
2 49
56 97
4 19
50 1
70 8
54 65
13 59
49 5
16 83
56 18
100 66
15 18
59 66
92 38
21 93
14 7
97 86
38 100
3 66
4 72
6 61
7 55
41 59
46 54
48 7
85 85
16 72
7 66
49 30
71 87
74 66
41 56
77 49
66 2
7 26
95 38
48 77
67 60
60 2
44 62
68 72
2 68
87 89
21 81
86 2
34 79
15 71
22 24
12 65
93 24
59 66
51 74
44 29
82 1
14 2
22 88
58 100
34 14
47 5
13 97
97 30
93 38
78 96
33 5
27 29
22 84
82 35
47 47
29 18
68 93
29 5
21 21
71 6
47 60
68 58
44 99
53 95
39 30
6 83
43 56
93 2
58 84
25 48
87 72
73 55
12 74
97 30
90 22
30 71
26 36
48 44
63 63
96 85
8 55
28 70
72 43
96 92
10 96
3 58
14 74
68 65
86 3
71 56
46 28
41 1
2 74
70 98
26 15
5 11
10 3
50 60
43 16
12 80
90 85
15 4
54 71
70 8
72 14
45 85
11 72
93 86
49 93
22 34
26 90
22 72
14 82
59 63
29 86
17 13
36 87
63 78
52 86
71 3
31 21
76 33
50 79
26 73
92 44
36 43
34 87
74 38
55 16
13 2
24 19
71 29
87 8
63 27
83 45
88 40
84 51
28 64
55 28
7 16
11 62
89 7
49 82
17 93
63 27
38 83
90 21
72 64
48 51
95 46
64 17
92 73
45 45
99 30
94 65
1 15
87 6
82 65
92 13
44 19
91 54
9 97
65 11
24 61
61 46
89 49
99 57
69 51
72 47
66 35
35 73
66 16
92 37
2 39
96 61
3 40
21 18
38 17
68 57
58 22
46 100
77 10
37 60
8 80
7 6
65 59
16 7
99 59
77 87
20 97
20 79
10 57
24 65
87 27
58 7
54 14
90 69
98 21
84 20
82 74
43 54
3 78
15 78
43 76
7 82
18 66
91 86
5 52
47 100
78 8
99 17
34 55
60 54
23 77
2 53
84 86
87 71
3 32
75 41
75 29
55 31
95 81
3 52
15 50
49 38
30 94
54 15
28 96
50 32
98 17
50 96
43 66
90 88
51 33
79 18
61 9
77 29
18 20
29 76
70 19
70 75
5 63
69 3
51 34
2 47
81 22
27 25
77 2
50 28
51 99
19 25
14 80
78 22
15 10
3 92
88 43
11 22
66 66
42 31
2 94
76 40
48 17
78 15
17 26
32 29
24 55
56 5
38 14
68 67
60 35
38 88
67 79
66 67
97 27
16 27
1 94
38 75
52 24
20 49
87 88
38 22
23 84
61 20
58 93
46 67
28 29
24 69
87 28
21 60
98 97
97 30
52 14
86 1
9 78
2 92
30 29
37 75
4 15
10 50
52 9
74 37
88 3
95 23
53 12
4 16
41 69
90 49
22 51
41 31
13 45
28 19
74 36
54 77
40 17
32 59
10 90
10 10
33 42
23 71
24 12
8 35
46 23
68 42
74 76
31 89
79 56
1 81
91 51
51 51
36 90
43 5
51 73
44 96
34 19
87 98
42 80
98 10
6 34
78 97
37 61
100 56
84 86
10 7
8 43
54 46
99 9
79 47
74 51
89 48
41 58
15 26
34 4
2 58
6 41
81 100
77 25
17 92
45 31
7 24
46 77
10 18
43 65
9 21
99 77
31 1
78 43
45 43
36 95
20 6
5 88
10 87
16 84
75 84
90 55
13 82
41 55
99 64
61 48
78 96
85 6
98 9
64 92
93 69
19 35
65 95
34 85
66 3
85 85
76 63
96 5
7 25
44 39
5 16
46 95
16 44
61 12
30 8
44 49
38 5
1 4
89 64
6 46
4 67
64 7
24 86
10 48
14 64
23 61
50 71
82 62
81 80
96 91
46 27
42 73
29 4
23 64
86 33
87 22
71 9
56 37
55 59
32 93
72 8
84 94
91 66
2 76
63 81
11 76
62 55
83 72
15 34
61 100
66 14
33 56
92 82
89 21
81 86
41 50
100 87
29 69
68 33
28 48
94 43
38 32
96 9
59 70
45 16
61 47
12 95
34 79
91 60
93 87
36 33
44 90
50 5
31 33
11 63
82 16
19 81
8 14
66 2
24 18
97 64
1 46
47 11
66 27
43 96
41 89
84 62
5 96
96 88
93 94
61 70
62 20
6 39
51 13
93 15
6 22
21 80
42 94
87 98
92 36
7 89
44 4
22 94
64 97
76 50
44 6
15 22
78 34
75 13
49 1
24 26
10 10
9 85
79 3
76 60
11 6
47 44
61 54
57 53
85 100
1 83
10 47
57 7
34 63
67 3
95 7
93 29
8 75
69 43
4 38
94 38
98 81
24 43
28 75
52 7
28 46
43 16
43 69
9 42
98 21
49 52
4 51
44 95
10 48
45 86
53 36
40 36
43 22
38 99
80 87
13 19
5 77
91 10
75 10
63 51
55 66
99 28
12 85
16 28
51 89
24 66
96 13
26 47
91 89
38 83
53 67
84 58
24 14
46 25
82 61
22 58
30 20
26 19
64 50
96 70
16 9
93 55
84 92
56 65
50 66
43 78
49 60
9 13
32 18
7 88
97 47
72 11
69 28
21 57
57 74
81 24
38 51
53 83
24 95
90 75
7 31
39 69
35 57
92 7
65 37
9 8
98 12
20 22
71 83
6 29
49 61
35 39
62 31
89 85
8 92
67 10
24 61
25 72
60 21
37 9
38 50
69 50
37 15
81 100
32 62
95 72
35 23
97 38
40 46
91 85
75 87
91 12
73 16
28 44
34 58
22 33
14 79
39 62
5 43
93 54
40 87
57 28
62 43
89 7
73 64
83 21
84 73
10 72
93 98
58 41
69 15
4 92
41 6
64 48
82 86
66 54
77 83
27 23
60 38
96 89
33 79
48 53
79 12
89 3
23 75
31 13
38 60
100 29
23 2
91 57
61 86
100 97
5 62
53 40
13 20
31 14
13 35
33 85
80 78
43 63
38 89
42 47
20 67
35 29
81 67
49 19
84 8
95 70
76 13
55 38
47 41
7 89
100 70
66 15
100 82
16 61
27 62
43 84
17 41
41 41
23 47
5 22
70 42
20 34
98 64
16 21
63 34
16 56
52 4
100 63
5 92
36 74
11 13
46 85
60 52
28 80
97 8
63 45
53 94
77 89
86 19
84 31
49 62
74 99
22 59
87 87
94 51
37 40
94 28
4 42
93 77
13 55
34 38
93 4
34 86
89 6
79 25
75 16
12 60
43 52
61 50
14 46
53 42
19 28
25 28
51 57
2 94
5 18
13 78
77 83
26 30
70 41
53 95
55 32
90 50
14 23
7 82
42 25
67 61
94 4
67 65
41 76
55 100
19 40
36 27
67 4
98 94
57 41
36 59
87 32
14 41
85 6
51 4
10 79
89 11
99 29
16 74
83 33
21 44
50 9
98 33
52 90
27 15
17 15
56 76
24 6
69 91
46 14
83 13
79 14
86 42
77 64
72 77
97 39
25 32
76 78
86 10
91 60
78 11
80 97
57 2
82 79
57 40
11 15
99 12
98 3
84 94
65 60
75 65
25 83
48 62
48 60
79 86
43 64
82 79
65 2
92 99
34 17
33 14
72 21
54 28
93 46
93 65
6 24
33 69
64 43
28 23
20 54
40 27
34 81
86 96
88 76
55 98
8 61
58 68
6 89
25 20
98 10
27 23
29 34
46 88
44 99
72 66
28 85
68 93
24 68
71 23
59 95
94 13
55 1
21 55
1 29
86 16
28 49
26 86
22 64
45 2
59 8
43 64
82 40
25 25
14 30
47 86
20 81
31 99
63 56
50 56
2 98
90 18
46 43
61 92
75 41
55 92
52 51
30 13
28 89
53 46
81 74
74 69
1 92
89 15
84 32
76 13
24 84
69 47
95 62
32 17
16 69
83 7
23 53
91 46
93 8
27 14
51 32
34 14
65 55
89 1
73 1
24 76
26 67
48 71
13 31
74 90
81 13
2 77
38 56
97 80
51 8
36 89
23 40
28 42
48 12
38 9
57 100
92 28
4 69
5 12
56 60
83 13
2 32
75 66
6 1
56 51
14 87
40 100
65 49
57 41
90 33
67 80
6 13
96 31
81 98
99 47
90 81
61 71
11 43
8 85
8 71
86 39
83 50
17 63
93 82
50 47
60 100
94 84
38 23
88 49
50 79
58 98
85 93
30 36
29 81
70 70
12 50
97 21
42 85
34 43
96 78
45 61
38 71
68 84
14 45
57 71
56 37
14 26
40 70
91 28
67 47
69 26
68 60
89 53
67 27
34 56
25 100
76 84
6 45
5 90
87 38
47 13
58 33
94 30
42 92
29 30
35 20
84 51
14 13
66 95
64 5
77 32
90 91
49 78
24 38
88 1
76 83
21 50
51 47
84 61
96 45
39 23
88 79
73 19
30 77
57 19
48 47
86 44
93 18
84 54
47 49
77 70
12 18
27 97
62 94
20 97
48 58
90 17
61 72
97 16
72 64
39 94
80 53
95 62
67 71
62 39
12 28
3 20
57 25
9 95
84 9
4 69
32 20
51 48
85 99
34 24
55 26
56 32
71 51
79 70
77 76
33 13
44 64
29 59
69 47
13 77
60 67
1 41
82 52
69 36
82 84
54 43
44 47
4 7
82 10
70 60
36 13
36 50
95 83
66 44
56 67
79 49
59 24
78 76
90 54
40 89
4 15
29 34
6 51
63 4
22 40
59 65
80 58
91 72
75 77
17 31
45 55
71 100
61 97
42 7
36 92
99 74
49 100
71 62
46 41
62 74
79 39
36 18
25 89
87 1
23 19
71 82
52 71
93 81
11 95
35 20
5 77
95 19
27 67
91 24
29 65
58 11
97 13
14 61
71 25
9 96
18 80
57 43
96 94
12 93
93 56
33 64
27 49
60 95
60 4
92 3
34 62
7 50
7 97
25 65
83 80
15 8
73 30
13 20
82 48
8 21
99 49
51 75
89 87
17 55
18 36
86 30
60 71
70 79
39 21
59 58
69 48
74 20
