100 500
93 59
7 39
30 30
80 56
48 32
52 92
20 25
2 73
45 81
35 37
90 92
61 59
41 39
61 3
38 87
37 35
52 20
73 30
80 8
81 93
78 84
62 6
93 17
54 97
12 48
19 69
18 72
62 31
57 5
4 81
29 68
59 9
35 94
20 22
85 8
19 3
46 10
82 54
45 66
56 42
74 84
83 20
53 54
77 67
16 77
43 48
37 46
95 79
65 80
97 7
24 11
80 24
1 87
100 86
7 11
21 64
78 22
32 3
88 6
76 99
26 33
37 57
70 83
61 42
97 39
96 86
64 40
70 46
67 15
85 49
72 29
87 20
91 41
79 3
25 8
90 21
19 13
26 93
16 7
9 86
20 79
15 56
86 78
15 15
29 80
98 84
77 58
98 19
17 74
60 5
76 7
28 15
38 45
42 94
55 79
55 72
67 40
85 1
79 83
44 84
96 15
20 37
72 44
34 26
18 31
20 79
37 75
69 60
21 57
18 45
55 13
60 46
5 65
15 31
17 75
77 41
68 23
79 37
29 19
23 16
17 53
34 20
84 62
86 56
21 43
95 47
6 30
90 39
42 76
19 75
58 16
6 34
11 91
78 37
46 39
48 63
59 36
7 47
89 50
45 63
86 77
76 96
46 29
88 5
9 68
29 32
77 54
36 93
46 41
58 22
64 14
64 62
88 9
99 49
67 100
45 69
44 18
82 41
61 51
99 68
86 78
24 30
38 95
39 91
3 75
57 16
14 92
40 78
73 54
35 29
91 53
96 95
1 34
89 81
9 51
64 13
100 6
72 96
44 1
48 44
8 49
82 93
97 14
29 5
91 56
14 48
37 2
85 41
1 77
52 37
69 5
51 22
3 31
98 69
51 80
1 36
76 71
5 9
19 51
67 100
63 19
2 2
54 7
41 29
83 52
9 44
12 87
71 56
38 73
16 5
88 98
3 35
18 75
44 39
16 92
86 95
59 91
86 74
21 62
73 75
56 45
46 83
19 63
58 39
96 12
57 3
24 32
90 81
59 80
96 44
97 54
55 10
95 77
89 82
19 73
59 10
27 67
30 54
26 93
38 32
8 30
97 83
57 41
25 36
61 12
91 38
70 31
75 38
49 88
85 99
95 54
16 20
76 15
33 13
47 46
21 89
11 30
34 1
55 22
41 67
67 99
27 75
91 45
51 21
83 21
60 26
96 84
87 37
86 34
19 10
94 61
90 1
81 69
79 73
19 49
46 20
82 8
87 94
11 49
51 73
35 21
97 20
98 47
38 4
71 78
76 95
44 11
31 88
17 42
61 28
100 23
70 3
22 19
99 58
11 90
88 72
18 98
62 41
63 28
16 97
81 7
21 28
83 62
89 36
35 90
84 100
72 100
61 75
24 58
100 54
93 23
49 13
97 46
8 44
18 21
60 50
9 5
54 70
97 49
83 48
77 99
37 19
47 88
72 39
37 37
34 22
62 27
56 36
30 78
55 61
37 70
79 18
44 67
17 65
16 80
10 89
18 57
87 73
48 35
37 48
57 32
44 100
74 96
96 1
97 5
28 51
98 83
82 34
44 40
38 83
27 27
71 12
60 48
97 17
41 14
74 18
77 32
98 90
48 98
87 69
3 31
8 3
65 76
75 85
31 86
98 32
97 95
51 31
15 39
95 85
70 92
72 37
77 30
25 52
24 49
79 37
58 26
67 49
85 70
87 95
21 82
9 18
54 83
51 59
50 10
4 64
40 72
5 25
69 75
48 67
3 41
66 47
52 79
42 34
86 16
98 33
60 68
17 65
70 5
99 19
50 10
89 89
36 77
70 38
59 86
8 32
55 1
1 98
34 89
96 99
61 51
100 76
66 70
71 24
78 79
39 94
70 20
63 40
46 59
83 79
4 95
31 3
62 25
24 12
78 12
78 38
12 35
58 13
78 51
86 83
66 72
97 32
57 38
95 3
23 16
40 90
3 11
28 76
35 87
31 76
50 28
96 93
70 66
31 59
26 32
21 78
72 39
17 5
3 53
40 67
29 30
92 18
49 56
46 27
11 41
20 70
33 13
100 2
64 81
48 1
96 62
62 92
56 6
40 34
52 28
74 85
95 52
44 39
46 98
12 4
28 14
83 19
62 2
63 25
82 19
30 75
41 11
41 27
72 28
51 62
21 95
23 31
79 17
70 35
67 1
62 43
78 41
57 49
63 97
18 97
19 37
17 34
53 60
74 85
8 63
7 36
1 33
69 23
23 88
38 24
