100 1000
60 54
19 94
3 4
96 96
65 12
1 3
53 58
64 1
28 25
21 39
39 13
7 99
42 65
51 30
48 64
97 40
16 12
40 73
88 61
77 64
1 5
15 2
53 97
37 76
20 22
96 25
82 63
48 31
96 8
6 13
10 72
73 69
70 33
32 88
43 88
2 96
3 27
27 17
41 8
7 92
14 59
48 57
67 65
5 6
98 50
15 76
91 89
81 39
87 78
62 15
41 26
39 33
20 47
54 95
85 75
16 66
33 48
14 3
8 88
4 24
23 43
90 7
43 24
47 45
22 10
96 33
17 79
7 81
27 12
28 27
25 25
1 40
74 83
14 3
62 80
56 29
79 69
31 20
63 75
80 86
67 38
79 73
97 76
47 8
80 91
94 38
58 11
75 37
31 33
12 20
95 75
52 67
83 93
9 71
51 85
13 77
78 1
19 13
51 83
31 60
85 62
49 94
27 9
41 74
10 65
92 48
28 22
100 33
99 82
19 38
58 32
92 26
72 20
70 55
34 87
77 41
81 69
76 67
57 47
86 26
23 100
92 28
80 6
2 47
98 35
8 28
18 61
57 21
55 97
40 29
18 51
48 73
81 36
7 47
47 65
48 89
6 81
62 89
36 5
67 88
12 25
84 93
66 94
36 83
50 21
58 15
40 48
79 94
85 26
15 71
6 82
52 52
71 66
32 24
44 30
90 98
56 19
8 41
3 10
64 87
45 49
58 55
74 12
40 64
4 57
93 7
93 64
2 40
41 50
80 25
72 7
40 78
72 100
13 63
33 72
99 24
69 38
42 18
9 97
24 62
82 32
68 43
59 30
76 92
39 65
38 34
54 37
22 20
45 80
35 47
98 44
27 36
75 94
52 28
79 13
28 17
58 27
93 29
92 47
6 62
90 28
2 45
34 84
21 98
33 23
23 13
23 96
76 78
11 7
91 21
74 92
18 23
62 42
83 40
57 92
68 21
21 76
68 7
63 43
9 32
64 10
20 2
19 14
96 54
36 53
41 51
22 55
91 47
95 95
69 57
50 11
25 84
27 86
26 50
99 69
88 74
59 6
23 97
7 55
66 43
56 11
66 9
56 62
100 87
75 63
57 86
42 73
24 66
21 75
75 99
48 61
96 42
93 88
89 34
33 13
63 63
86 84
33 9
80 70
86 19
97 30
1 54
10 38
81 78
24 68
33 67
70 98
100 27
47 5
27 46
73 31
63 48
89 46
97 54
30 15
29 81
63 50
74 8
91 63
76 10
10 25
54 7
42 46
53 8
73 43
47 56
81 59
63 55
92 1
83 63
73 16
4 56
17 42
8 19
6 66
55 61
42 53
98 32
43 63
83 62
29 44
68 100
1 94
66 59
34 30
28 33
75 50
85 13
14 69
89 4
71 41
21 43
11 80
62 88
93 75
39 67
100 45
20 72
78 52
12 47
30 29
70 50
43 90
95 7
30 65
35 49
60 19
40 12
60 45
67 91
41 83
62 27
100 46
75 57
21 100
92 93
15 90
5 69
79 73
33 67
89 96
28 54
72 59
11 85
40 52
79 44
84 11
36 63
83 79
58 62
30 98
59 60
31 20
84 19
5 21
31 54
58 9
59 48
80 99
5 3
2 74
46 19
29 99
40 15
42 30
69 20
27 46
7 54
9 2
92 74
7 91
66 95
51 70
60 12
57 100
87 8
98 32
3 28
84 63
63 28
76 16
11 12
59 94
3 78
75 51
36 41
27 99
40 14
61 10
33 38
28 94
30 60
26 68
78 74
11 40
70 69
93 80
86 81
83 98
64 72
67 22
22 82
25 100
24 69
11 1
42 95
42 56
20 56
42 1
42 16
75 72
29 77
71 40
28 98
64 39
50 47
46 55
48 22
27 79
94 77
19 45
31 29
39 82
29 36
51 79
83 15
68 38
70 36
28 55
42 66
33 9
72 22
36 66
50 65
40 45
75 44
28 70
40 94
20 90
62 3
4 48
84 15
77 41
18 38
50 47
2 15
57 33
26 43
93 51
35 93
28 38
34 67
78 25
8 49
53 3
93 41
53 5
60 70
45 31
38 37
39 61
89 68
4 75
46 63
63 14
84 81
88 4
36 32
29 96
7 34
66 47
4 97
27 71
59 14
99 33
66 2
39 30
96 24
41 43
95 91
25 24
84 95
77 97
56 93
32 69
19 79
87 30
99 29
97 88
97 17
94 95
4 52
16 46
38 92
95 78
81 56
7 13
79 81
5 49
90 29
65 3
27 16
86 84
52 98
74 79
83 29
33 60
26 72
78 42
60 29
8 2
68 84
47 75
34 21
89 95
62 94
21 49
52 71
74 21
77 49
73 89
39 77
53 17
9 54
54 44
91 23
36 1
6 71
65 6
75 10
93 28
91 100
15 79
37 98
90 48
7 21
98 41
11 80
5 33
84 71
65 81
59 68
56 53
54 83
56 71
69 23
99 57
21 15
24 32
41 9
96 82
74 44
91 96
2 86
16 44
34 98
24 49
94 74
86 87
72 14
60 97
17 11
60 71
2 88
48 50
44 73
56 46
61 50
85 42
62 74
92 99
75 35
6 14
27 37
41 73
38 24
100 21
1 39
73 13
91 17
89 75
65 62
86 98
34 18
24 66
40 40
53 45
8 89
8 33
80 41
58 7
80 78
15 41
69 61
40 69
65 7
72 66
16 84
84 86
10 39
22 6
93 36
44 82
24 96
49 56
95 66
64 16
86 29
30 20
92 78
51 52
41 56
85 19
32 92
22 47
86 4
36 17
5 8
93 67
42 97
47 82
43 32
35 5
58 91
69 62
97 54
25 61
51 85
45 85
50 31
35 26
78 39
10 16
75 73
34 86
36 93
35 34
57 98
79 47
15 87
88 14
99 36
9 86
67 65
64 70
51 10
84 80
61 51
49 7
6 82
50 84
63 94
88 91
69 4
4 40
9 27
20 85
74 2
94 26
98 3
41 61
21 26
22 55
9 60
58 26
75 33
29 6
96 50
53 51
78 4
61 80
15 27
53 95
50 19
36 22
83 14
30 59
28 2
81 32
46 2
59 44
32 71
18 29
37 37
39 17
71 60
62 13
5 56
37 18
37 6
67 98
13 8
95 10
64 27
5 22
21 12
90 84
79 91
34 21
84 60
55 97
12 81
54 68
11 88
69 97
34 66
94 42
19 23
5 48
28 99
34 51
70 72
19 4
85 24
51 38
97 85
60 18
86 58
26 12
95 94
56 79
23 74
2 23
52 94
18 66
3 93
33 74
59 2
23 63
78 93
35 45
3 9
73 89
88 90
19 93
42 96
20 12
29 83
97 99
69 100
74 37
14 51
8 60
74 79
22 17
12 72
28 88
60 99
95 91
3 27
59 1
4 90
84 74
70 89
41 100
71 68
27 29
21 48
79 88
24 73
69 98
30 4
49 81
1 97
40 87
6 59
1 55
38 36
18 61
84 31
65 75
91 17
57 88
29 7
35 85
72 81
48 87
98 97
38 91
78 56
51 18
62 25
70 88
78 73
93 70
14 28
39 31
20 95
99 93
77 19
32 80
81 78
34 89
28 3
22 2
16 67
55 71
65 55
84 56
13 54
27 71
11 67
47 68
47 80
24 53
12 78
25 99
4 88
54 49
29 91
38 69
76 63
46 34
32 18
99 76
63 35
88 40
71 40
61 48
70 56
41 14
89 38
3 22
51 38
20 92
51 20
30 38
10 51
4 85
34 86
28 76
13 86
46 38
41 43
27 6
93 10
99 8
89 71
30 58
13 39
55 2
94 29
17 2
14 50
39 7
35 71
49 34
16 80
3 42
72 31
45 34
75 17
12 7
68 56
92 14
66 32
58 29
86 83
1 48
14 9
33 88
53 54
36 76
55 83
22 32
87 12
3 28
31 30
19 6
4 25
79 65
90 54
19 64
23 39
28 73
97 44
63 5
65 39
64 83
16 67
89 82
67 21
57 31
98 70
18 18
13 2
10 100
89 94
47 12
47 68
80 64
87 52
55 43
1 28
67 72
12 74
58 11
55 66
33 46
43 74
78 95
15 19
99 39
18 48
47 64
91 44
7 77
30 65
9 2
79 35
17 18
13 22
6 87
18 13
96 46
56 28
81 93
17 91
40 93
61 73
40 74
36 81
74 60
10 22
32 50
17 3
41 24
100 6
87 10
54 74
7 5
49 74
72 94
96 28
86 38
59 76
22 84
90 36
79 2
76 69
87 71
33 13
16 28
36 37
59 41
59 99
35 72
84 24
66 73
22 94
89 26
62 25
26 15
79 39
99 26
62 42
7 28
23 93
84 36
25 95
14 79
60 3
44 34
28 98
45 12
13 22
30 28
47 57
13 15
70 85
100 72
2 15
70 13
38 100
59 27
39 57
48 47
93 49
23 19
43 69
1 64
52 63
34 52
65 44
38 89
100 57
77 71
10 52
93 90
84 49
96 80
100 88
38 38
32 70
25 72
40 86
54 61
64 15
9 47
31 19
