100 100
12 42
88 89
99 58
84 85
49 13
21 44
87 44
42 6
12 46
50 73
88 28
48 17
64 12
60 88
74 90
20 33
33 28
43 66
99 59
20 66
1 11
17 3
98 19
53 68
4 51
80 19
8 57
50 31
27 66
95 21
16 91
74 42
30 63
9 68
4 30
89 33
47 78
36 82
12 2
91 30
3 12
70 15
31 49
15 96
44 11
41 98
79 76
35 94
89 88
37 60
66 73
34 32
33 27
31 92
14 82
20 41
8 85
27 55
62 55
33 30
93 4
43 99
80 38
2 92
78 65
17 55
87 65
10 10
21 82
16 73
11 38
35 69
64 49
38 90
53 44
13 89
64 29
98 69
33 13
98 79
16 30
58 71
45 97
91 82
99 32
29 47
42 29
20 37
72 78
59 82
54 86
34 60
55 71
58 28
8 28
60 8
68 55
39 91
50 1
90 59
