100 10000
37 46
45 52
79 2
71 64
32 10
72 99
17 40
26 12
38 79
22 59
52 44
24 22
3 95
92 30
43 92
31 48
32 18
76 64
25 71
22 42
59 37
24 49
69 25
89 35
37 45
69 89
89 66
88 18
45 15
93 80
18 34
27 72
18 88
9 93
91 67
65 4
84 79
92 18
10 93
61 17
76 6
96 45
53 5
97 1
74 50
17 66
77 6
13 33
26 29
48 48
10 7
8 47
99 1
16 19
57 46
54 24
30 17
79 47
97 6
54 40
8 19
73 93
65 40
65 73
39 16
80 3
43 70
51 70
60 98
67 90
28 91
3 11
58 24
21 30
64 56
18 84
8 25
3 47
92 62
72 25
5 95
11 42
79 5
54 66
84 69
25 61
47 47
25 4
76 60
16 81
36 33
79 48
21 64
52 76
71 66
61 24
47 66
99 6
12 42
78 31
42 92
49 96
59 35
27 64
97 55
92 47
94 43
38 84
96 1
51 74
88 53
12 37
75 8
3 96
3 75
48 27
35 93
44 54
69 97
42 69
75 57
36 39
4 100
9 37
49 43
56 65
31 50
32 50
37 52
60 30
2 55
23 28
48 80
36 46
63 38
31 27
29 100
71 60
46 47
41 49
12 61
27 36
76 58
92 86
87 96
29 16
7 52
81 95
78 83
67 76
11 40
92 74
33 10
46 13
58 69
45 65
7 36
22 47
50 95
50 76
80 1
79 36
77 24
10 20
34 7
60 55
86 28
81 38
40 16
30 22
59 30
47 81
59 79
26 67
64 57
61 86
98 11
7 2
52 39
28 67
97 13
42 51
50 2
91 51
68 49
65 98
14 94
43 97
75 8
8 7
21 91
40 56
8 57
46 90
80 29
58 8
89 6
31 42
98 70
35 25
48 19
51 41
7 20
71 60
47 41
61 3
9 41
41 96
82 16
20 33
23 61
97 81
28 4
97 58
93 61
73 27
8 84
36 90
73 86
98 5
59 88
43 85
79 42
2 94
6 100
43 2
41 68
26 20
46 28
60 88
13 97
5 27
87 79
14 91
39 17
11 66
77 31
24 5
80 85
97 75
64 57
74 78
94 20
74 22
91 86
54 33
63 3
17 56
57 22
54 89
91 71
7 3
40 64
58 15
11 95
23 73
68 69
2 58
66 90
78 1
4 11
44 62
69 45
50 6
63 62
8 34
41 16
32 59
98 64
58 6
72 58
64 99
80 92
90 74
47 53
9 26
96 18
68 57
53 31
67 55
37 11
19 35
68 8
36 36
64 78
8 14
46 36
50 21
49 82
77 41
19 94
49 50
56 62
12 62
18 61
4 27
44 11
100 32
69 34
47 57
16 27
55 53
70 32
87 28
33 64
86 84
23 66
49 42
98 63
22 86
65 31
60 45
63 21
87 2
23 80
44 6
78 3
71 92
13 39
81 21
82 5
48 88
19 23
81 48
74 29
45 94
71 82
43 72
7 62
20 1
40 49
93 58
84 93
19 37
23 75
26 65
56 89
70 39
40 44
29 73
85 77
84 13
92 64
2 97
94 50
91 100
62 83
72 26
69 56
79 50
34 55
65 98
68 47
75 91
37 37
74 12
74 60
32 93
12 89
68 25
26 50
16 20
19 28
71 12
91 96
13 51
70 90
63 49
28 86
43 40
59 23
78 73
20 25
72 30
33 71
91 57
88 71
40 78
77 66
68 15
21 18
60 98
23 5
17 12
93 7
97 58
34 98
33 17
90 42
39 73
84 30
29 82
59 48
6 12
8 9
81 51
76 53
20 6
55 33
72 6
51 34
46 88
70 97
78 85
28 35
36 60
31 48
58 12
43 89
31 40
80 94
57 66
83 82
85 18
26 4
54 32
94 88
85 70
92 12
78 33
71 33
31 67
11 50
58 45
47 10
65 51
18 84
77 51
1 59
63 69
38 40
73 56
28 73
92 26
4 30
59 87
11 52
20 55
4 51
65 41
64 44
88 90
17 96
85 71
80 72
52 7
72 18
1 25
41 15
46 38
45 41
86 22
11 4
50 44
62 65
51 3
23 27
77 18
37 78
70 39
85 31
24 81
53 20
67 22
23 30
61 50
2 82
10 67
49 92
88 30
34 23
95 4
35 68
83 63
74 87
90 24
5 20
69 23
26 94
44 53
97 7
79 36
38 73
57 97
92 96
4 15
45 39
90 9
10 14
22 44
7 89
44 23
34 18
48 57
91 93
90 75
99 8
91 83
6 24
55 6
7 2
22 72
23 96
73 62
63 92
88 54
53 87
88 95
32 77
46 27
99 80
4 12
21 43
59 96
47 73
11 24
85 99
82 95
44 82
44 84
55 3
33 87
45 78
9 24
8 94
5 81
21 18
64 1
23 61
4 10
6 83
53 48
97 23
39 17
68 4
86 70
30 70
76 36
27 48
93 93
18 95
65 13
36 27
3 78
2 80
95 11
77 86
88 52
17 36
84 50
94 66
16 5
85 42
7 83
83 52
29 63
33 60
12 11
7 57
14 45
33 76
53 85
6 37
40 25
18 6
95 31
44 55
20 29
88 3
8 61
53 45
25 84
69 28
49 50
78 82
60 35
92 72
30 86
74 10
78 43
7 84
55 80
70 63
59 38
40 21
76 87
72 50
71 52
92 64
8 53
31 17
20 66
39 10
67 77
44 100
38 33
41 20
58 4
76 37
63 28
55 94
43 88
85 57
24 28
41 63
53 41
23 41
19 11
33 33
50 31
15 52
24 37
86 19
57 31
79 89
73 57
42 57
9 99
3 63
3 55
55 46
76 14
40 90
22 78
99 57
32 84
47 28
38 40
90 88
76 49
64 56
11 67
96 69
41 5
70 31
41 59
82 21
25 92
1 20
68 39
15 71
96 20
87 42
71 48
74 68
87 98
76 23
19 56
21 35
45 58
26 74
15 46
97 47
95 57
68 98
26 14
64 54
26 65
87 64
85 36
51 30
12 23
4 8
72 12
91 18
1 59
55 80
71 98
21 36
62 63
53 23
43 83
3 9
53 33
34 30
76 53
35 2
10 39
13 18
95 73
46 21
75 32
56 26
31 4
57 62
90 31
93 41
67 87
62 47
31 68
31 27
59 77
100 24
65 54
96 23
28 40
21 20
93 22
95 26
53 27
66 38
29 11
71 89
19 30
28 32
13 28
80 3
17 48
33 34
26 93
10 77
77 28
85 46
95 78
15 48
42 22
63 89
86 68
65 19
29 26
92 50
69 63
7 60
72 4
49 55
46 17
9 88
92 16
30 73
78 54
33 16
34 12
58 5
26 90
65 30
79 8
23 30
50 28
57 39
36 70
72 78
49 39
52 99
29 16
4 26
43 54
77 69
17 42
69 66
92 4
1 60
27 36
98 39
47 18
7 56
34 74
7 64
84 5
73 40
63 84
39 91
37 68
73 37
47 85
73 3
3 25
88 100
28 68
50 61
78 63
13 32
69 83
15 83
20 62
83 18
65 84
67 58
100 50
46 65
42 53
47 12
23 50
56 50
21 95
41 26
69 18
14 55
79 78
24 82
29 97
96 63
71 58
16 46
8 1
80 87
99 40
1 45
65 79
54 85
44 97
62 77
38 17
93 33
55 30
63 42
70 2
32 98
25 60
27 52
28 55
96 22
44 38
69 69
37 67
37 28
59 11
83 13
20 96
77 77
56 47
32 13
58 46
21 37
55 98
98 15
80 52
4 86
23 32
8 21
45 59
2 21
61 53
23 56
6 49
23 1
27 7
59 61
19 17
96 63
11 9
89 91
12 60
61 18
57 8
12 8
60 4
59 40
78 45
92 62
23 62
93 68
20 26
6 97
22 77
56 14
75 51
86 34
45 47
71 95
25 79
12 32
35 35
70 55
49 42
100 34
73 59
1 100
36 84
10 98
23 12
45 46
49 100
78 28
45 93
64 44
47 81
92 47
4 75
20 29
60 13
42 75
21 39
57 37
43 13
73 10
57 29
65 75
10 70
68 7
27 24
28 3
92 86
50 29
71 93
9 41
44 49
22 24
30 8
33 56
24 16
53 9
99 1
99 46
5 73
37 69
62 71
22 48
75 48
34 100
57 4
57 39
17 65
80 30
4 98
74 46
86 98
63 72
4 33
14 23
86 28
39 38
9 50
45 13
52 36
100 1
99 93
39 19
79 41
87 47
71 2
8 38
40 46
29 2
6 90
96 24
69 61
7 4
15 31
63 20
82 31
89 68
19 67
72 29
56 73
62 100
84 56
72 55
88 55
80 48
72 56
7 86
83 32
79 75
78 12
40 40
90 15
34 94
38 71
33 8
5 36
91 24
55 58
59 78
62 83
31 58
4 92
94 80
62 70
95 54
56 54
1 17
9 14
94 44
12 36
4 61
34 45
25 35
51 37
89 98
39 13
22 84
97 21
42 82
88 90
16 6
56 10
41 27
79 3
60 82
46 4
34 13
41 64
68 77
66 50
75 74
81 25
83 65
94 33
53 74
49 87
39 64
69 60
51 69
1 70
25 17
67 12
94 59
76 39
77 67
57 98
86 69
36 44
80 73
60 40
64 49
7 93
92 77
85 10
46 100
22 97
4 26
22 40
49 11
71 59
73 69
53 98
11 20
50 39
70 25
26 41
99 72
54 90
68 34
9 57
95 29
21 88
6 37
91 40
50 2
13 2
50 34
8 10
39 46
79 71
82 70
91 7
99 19
52 3
46 56
34 86
60 17
4 32
38 36
85 85
48 72
95 47
55 99
55 65
1 87
87 95
69 67
17 16
73 83
99 66
45 59
37 77
43 47
70 80
91 17
7 72
64 92
54 60
90 48
75 40
19 89
36 33
68 45
91 87
71 64
61 84
31 39
88 60
48 72
48 7
29 28
92 88
78 63
40 51
27 85
10 94
59 69
50 67
22 94
11 39
37 94
66 16
36 44
78 21
23 25
81 94
10 68
19 53
34 74
1 90
6 99
72 23
39 5
2 73
44 37
9 26
75 46
77 74
73 59
71 18
42 94
22 84
7 47
48 50
78 33
46 18
24 83
91 86
61 36
76 43
59 52
36 100
43 21
93 28
71 78
5 8
21 84
7 95
88 40
42 88
50 38
24 87
51 36
80 52
50 10
45 55
79 39
29 40
50 36
27 28
25 90
67 31
6 57
70 76
7 9
15 89
85 67
43 7
45 66
59 12
98 48
22 67
44 22
92 55
77 21
84 99
56 76
43 35
4 62
96 24
63 3
66 49
2 32
42 86
3 42
93 89
45 46
89 91
29 16
2 19
70 100
93 67
27 98
98 78
43 89
94 17
67 41
74 49
2 94
62 21
24 73
35 49
89 82
84 2
64 14
95 94
63 87
27 21
26 95
37 8
29 6
41 92
24 18
42 95
81 3
53 1
69 79
36 56
33 95
39 54
88 38
24 24
96 17
4 48
27 13
15 29
69 28
42 42
5 46
47 45
78 76
56 91
73 76
45 62
56 56
34 58
70 15
61 49
9 100
45 54
65 26
68 39
55 38
46 96
51 54
8 92
17 33
28 8
57 5
27 54
35 36
46 71
52 35
100 7
55 35
48 61
22 72
51 49
71 5
81 22
63 50
10 96
15 94
78 98
38 59
99 45
66 67
37 10
39 10
63 45
63 62
84 16
28 24
5 8
31 28
26 80
64 52
73 94
50 83
89 2
13 21
6 3
74 28
45 4
42 76
80 29
33 34
79 93
79 97
6 24
51 9
78 61
82 56
44 46
18 4
57 39
17 6
16 81
59 25
65 16
95 8
60 23
80 17
6 52
63 56
79 96
84 37
50 55
39 7
95 60
69 38
4 10
92 22
92 19
5 32
9 25
14 43
75 12
60 76
54 18
47 62
100 21
11 58
2 40
83 89
71 57
51 37
94 59
37 29
16 56
79 23
28 82
37 76
84 65
94 9
4 90
97 64
29 24
80 94
72 58
91 47
54 12
85 85
12 57
89 34
80 67
1 100
43 22
37 13
6 93
98 86
66 27
21 31
17 74
40 16
60 53
28 27
73 80
11 5
1 75
5 65
70 61
81 65
23 44
69 97
32 57
44 54
24 57
37 77
93 39
39 95
12 45
65 10
44 98
100 73
32 71
90 67
93 7
93 3
22 95
83 64
40 49
45 100
37 48
44 31
94 3
5 32
56 60
74 96
34 92
43 11
18 71
75 59
72 14
56 64
22 1
26 56
59 10
22 23
6 71
40 95
69 13
83 10
97 74
56 77
31 28
7 82
19 19
58 21
71 60
51 48
63 82
67 6
56 4
52 36
8 73
43 41
17 63
39 48
85 68
78 81
30 28
53 34
18 21
98 50
96 16
37 54
11 68
76 24
90 21
13 11
100 16
48 70
95 33
61 35
10 55
73 82
98 43
93 55
65 36
72 73
8 90
29 77
51 72
28 31
45 99
3 40
80 61
79 34
58 100
56 15
48 74
4 56
49 58
26 44
55 95
45 5
68 55
23 86
99 27
86 14
28 33
83 56
27 84
12 92
53 59
60 77
56 70
40 4
1 10
97 3
67 43
27 50
17 27
39 41
69 3
99 34
84 27
41 79
69 76
3 81
92 86
8 52
13 53
48 75
16 17
71 96
87 97
52 9
20 38
25 27
30 4
67 74
20 2
45 66
4 95
87 83
28 48
76 57
74 57
18 36
99 20
33 55
60 64
51 81
39 57
90 71
46 61
58 47
19 77
22 8
8 71
74 20
25 57
4 25
91 69
6 18
72 66
40 83
96 11
75 75
59 38
34 28
74 98
39 83
85 100
69 36
94 61
37 77
43 31
3 79
94 75
2 20
99 35
71 76
58 36
10 36
63 92
12 81
72 53
18 41
47 34
39 83
35 55
44 27
39 78
49 50
4 48
16 64
94 60
81 22
12 23
80 9
51 94
4 97
37 37
74 18
5 24
27 51
77 4
21 79
11 39
97 16
83 28
63 84
11 5
73 99
50 82
77 42
47 85
88 21
79 45
18 35
56 85
17 100
21 32
34 83
25 28
1 37
93 78
62 1
56 68
63 6
30 17
99 7
71 38
33 10
50 43
53 23
74 28
70 48
31 57
33 18
19 18
20 51
53 10
66 90
70 4
7 56
96 5
72 48
78 12
60 78
53 27
46 91
85 42
26 53
53 53
34 58
51 100
63 25
92 54
93 10
92 89
24 11
39 68
24 38
90 23
57 8
71 11
80 90
98 97
61 19
84 1
43 73
38 48
61 85
91 56
29 1
26 91
16 18
59 9
3 64
91 37
44 13
51 15
86 83
16 42
57 11
80 10
22 82
18 57
38 88
79 16
67 90
66 4
81 51
61 79
49 48
82 28
71 82
55 69
17 6
48 38
53 7
74 49
20 45
74 77
92 28
69 23
79 41
45 30
92 61
17 23
66 28
3 66
47 8
83 63
79 33
49 55
21 87
54 7
10 59
8 69
8 25
59 66
45 53
35 52
16 94
96 98
80 72
88 12
96 45
70 89
50 38
40 70
12 5
69 4
72 82
3 4
79 43
79 62
72 8
57 84
16 65
44 52
4 33
76 48
92 28
50 20
62 34
40 74
78 83
94 9
95 61
57 7
92 84
27 39
12 72
74 58
42 87
34 9
46 97
26 20
55 34
86 81
45 61
32 19
8 73
72 67
83 8
93 95
39 33
16 87
59 74
21 30
54 15
27 82
26 28
86 32
90 19
76 11
17 32
83 54
90 15
58 18
84 2
23 77
70 9
65 61
41 91
33 44
84 67
45 84
55 43
57 67
34 15
12 47
11 91
65 46
16 70
43 100
81 83
52 80
19 72
4 75
29 44
88 24
37 65
97 14
26 69
66 54
19 87
81 28
10 40
21 62
21 28
65 81
61 67
71 45
37 3
46 89
77 48
58 64
14 79
88 52
92 98
56 82
92 39
82 30
65 91
64 45
30 97
60 92
32 39
24 19
77 76
98 48
10 93
50 33
7 59
95 87
35 94
37 2
38 95
83 48
81 8
47 22
68 52
80 87
34 70
12 99
93 99
80 66
96 29
93 69
100 91
50 86
11 51
34 8
59 62
55 25
57 100
33 35
16 96
83 73
98 76
2 87
55 12
57 15
17 43
28 82
91 49
49 57
94 82
6 7
68 39
80 35
64 54
81 99
57 29
31 33
73 19
1 95
56 19
13 67
23 87
19 80
21 5
77 2
98 26
70 61
39 91
80 76
95 42
54 76
71 27
89 9
25 19
60 37
46 75
89 77
65 68
21 36
83 13
85 30
55 68
71 81
69 19
35 37
56 16
61 64
17 21
70 22
85 89
34 11
2 34
82 30
74 85
16 33
14 92
77 2
97 58
25 30
2 31
78 81
45 96
34 72
58 74
21 61
95 34
7 21
72 43
100 33
33 15
2 52
88 30
3 59
1 77
79 19
42 14
79 95
35 5
14 17
50 30
11 95
29 32
42 17
60 22
53 100
88 42
37 4
21 90
82 58
58 42
79 26
46 42
64 66
87 99
96 4
23 39
73 18
35 53
11 89
34 92
82 94
46 90
10 95
73 54
6 68
86 17
84 77
42 39
10 53
10 72
81 24
1 51
43 32
78 4
54 30
20 38
87 60
75 37
16 80
21 70
68 44
77 36
46 21
64 26
55 38
3 86
56 61
41 65
59 42
90 43
12 70
100 83
19 30
90 63
54 17
94 60
61 18
37 12
10 50
79 67
35 77
18 94
80 15
82 97
72 45
7 71
93 83
29 87
46 56
99 44
77 54
40 58
28 31
81 84
78 12
25 54
35 92
2 21
19 43
97 80
60 15
51 4
62 88
49 50
7 8
89 70
67 94
75 77
35 53
33 98
78 40
43 67
80 40
17 30
59 21
79 64
19 15
83 12
20 50
84 3
97 62
57 99
44 45
85 79
12 52
54 60
50 90
32 21
37 50
92 49
92 33
27 30
98 32
87 76
15 18
80 20
79 66
12 72
53 31
6 28
13 94
81 82
31 84
94 9
1 36
11 57
26 7
52 11
90 22
36 94
90 95
24 4
19 91
99 85
26 44
3 59
13 59
100 40
89 21
33 88
58 8
81 27
83 26
5 6
82 55
9 18
21 14
88 98
90 29
10 20
79 74
69 61
20 25
69 31
98 82
14 26
93 25
32 40
1 12
47 4
2 9
10 13
10 8
39 33
29 65
41 28
34 74
95 34
58 35
54 75
98 74
62 67
18 74
80 82
91 79
45 52
60 15
96 36
78 25
39 7
91 59
26 48
16 34
8 46
73 76
2 57
55 29
1 11
82 58
25 88
7 65
77 3
10 86
21 28
43 69
43 57
9 43
14 74
47 28
28 37
13 33
64 51
87 73
86 64
5 34
70 71
27 89
56 2
95 14
84 53
37 48
6 47
78 84
73 38
51 18
4 15
3 8
52 84
84 99
78 30
65 87
92 8
39 65
76 93
38 16
58 80
68 36
35 61
98 100
48 19
10 79
51 50
90 94
42 91
16 95
43 53
89 34
43 37
69 29
54 34
60 83
58 86
81 41
49 76
73 50
45 11
95 93
73 37
16 90
34 85
74 81
55 5
29 33
97 78
26 72
50 98
26 75
46 83
97 80
49 99
1 75
98 82
29 67
10 68
43 81
26 52
74 50
4 38
49 38
51 19
32 92
53 60
61 64
46 80
5 8
14 29
68 70
86 10
88 13
92 27
96 29
34 28
61 75
30 33
1 83
80 8
49 9
86 79
77 47
40 40
31 5
96 83
15 100
50 96
57 18
4 91
7 54
56 93
47 7
56 33
84 19
10 25
55 54
77 4
84 6
23 68
21 6
17 98
24 28
76 20
77 64
98 24
33 57
96 28
63 4
17 52
21 93
36 64
78 28
8 25
35 2
9 36
24 9
14 36
57 23
18 51
8 59
9 73
20 49
69 8
24 92
5 12
86 98
34 40
33 1
72 44
58 1
19 93
22 91
100 93
66 25
46 50
55 57
35 85
42 18
87 51
26 98
95 35
25 13
33 46
41 3
40 48
64 23
91 11
63 87
93 91
92 47
22 7
40 61
48 72
67 32
86 41
49 60
58 21
82 51
26 48
48 83
64 55
60 15
78 13
37 71
60 99
3 56
36 82
91 87
87 77
10 7
13 19
91 92
68 28
60 20
71 69
77 32
62 58
4 35
75 58
42 20
1 39
45 56
18 19
37 77
55 8
70 18
87 16
85 15
45 12
12 43
4 14
37 77
86 61
83 94
32 56
11 11
71 1
54 81
69 25
26 64
25 37
99 88
50 92
22 38
96 74
21 78
96 43
41 10
18 20
23 96
9 62
50 51
37 28
56 18
61 40
58 30
72 63
18 10
27 66
53 67
87 93
96 82
80 64
4 95
26 60
56 63
64 54
25 31
41 75
8 17
56 18
67 39
62 5
67 19
27 68
85 34
42 52
88 72
91 5
80 38
35 95
9 53
44 33
97 59
60 63
10 73
86 17
85 99
78 18
62 40
89 3
9 30
61 72
22 90
96 98
83 91
20 43
100 72
43 79
52 81
52 82
25 48
72 77
90 63
62 48
7 72
64 100
25 52
33 19
57 91
90 59
65 79
26 57
21 58
81 85
37 19
17 45
4 35
56 49
74 58
60 22
80 3
89 45
54 62
93 17
23 11
19 26
44 22
49 69
44 9
97 97
4 87
90 22
33 74
56 66
70 35
47 80
66 42
39 34
3 26
35 34
56 11
10 34
49 47
40 74
28 96
69 15
95 94
84 8
69 13
17 12
58 83
28 78
89 57
88 25
20 64
63 42
70 83
76 59
80 93
31 56
22 26
24 74
21 47
14 100
32 19
79 26
61 99
4 74
53 66
81 76
52 73
66 86
74 100
3 26
17 61
57 49
44 36
62 1
32 19
25 12
76 42
6 5
22 3
81 61
36 3
35 20
100 86
75 40
66 13
91 84
70 93
64 57
55 20
32 85
47 95
27 57
3 86
95 89
81 8
87 51
87 69
7 85
86 9
63 61
2 90
68 15
50 4
10 35
14 60
23 77
95 27
19 85
5 37
28 68
80 30
90 39
37 54
2 9
93 32
86 64
46 83
79 36
15 9
4 13
5 92
55 10
24 58
39 81
56 66
8 87
30 47
38 85
88 40
4 23
92 33
87 21
100 78
1 75
77 62
54 15
68 89
1 16
77 74
88 18
29 36
29 84
97 79
77 10
26 69
46 90
44 67
5 66
86 45
11 66
47 22
11 34
65 57
42 83
45 86
86 46
88 47
46 95
78 81
62 73
93 46
100 35
23 76
88 4
96 23
66 21
9 96
43 7
2 1
79 26
34 15
27 1
87 54
85 94
94 72
58 59
83 5
83 75
96 40
96 98
82 63
1 55
42 33
73 61
26 69
28 41
75 16
78 36
83 67
52 70
74 45
69 44
49 26
1 97
76 42
44 35
100 57
26 32
18 76
61 98
46 92
27 97
40 40
8 91
70 8
94 36
37 78
30 44
39 23
25 96
58 98
21 12
82 66
21 56
37 67
93 39
61 63
80 99
30 78
82 57
51 17
46 7
87 44
82 86
32 19
23 32
2 24
81 35
24 97
67 16
27 6
89 1
60 40
97 33
86 81
48 98
82 68
34 16
67 42
54 86
37 89
12 3
79 86
84 49
58 82
15 90
14 42
19 12
1 99
79 2
99 94
66 1
22 78
63 17
2 76
13 52
67 70
75 10
21 15
7 71
57 74
38 48
43 68
55 53
92 15
8 32
54 44
38 39
71 7
66 11
67 92
29 74
69 28
42 68
38 9
92 76
51 80
66 52
27 73
84 59
90 93
18 53
50 99
36 40
21 35
69 31
35 11
46 36
88 45
99 40
92 68
81 88
57 67
16 4
74 75
40 14
71 3
49 7
41 99
77 37
79 20
93 55
32 78
53 3
37 46
13 44
4 40
93 84
25 49
96 9
35 19
1 89
88 78
84 72
7 68
51 26
71 70
18 62
3 16
45 50
70 4
87 82
47 24
45 70
91 83
41 86
73 59
99 33
34 46
26 43
76 65
19 51
28 4
48 62
72 55
21 70
71 25
78 46
34 40
11 58
61 52
91 47
82 39
35 47
81 37
67 2
40 82
80 41
35 23
69 1
10 52
18 65
41 7
49 55
31 11
66 69
43 61
85 87
63 34
75 48
36 37
54 15
74 24
68 58
12 53
16 97
84 89
42 71
39 75
5 75
56 73
7 21
99 58
22 73
83 96
4 26
55 96
87 94
46 31
30 23
73 51
80 35
33 75
50 45
21 13
96 64
25 67
48 38
26 36
47 75
98 67
73 49
99 20
3 90
42 54
53 31
90 79
70 38
69 13
87 70
42 38
35 97
73 27
8 58
32 80
7 42
93 73
91 2
49 65
89 1
37 36
28 3
58 83
65 21
36 93
61 99
28 23
51 50
6 94
8 49
80 60
26 83
64 1
93 34
61 52
36 63
63 46
57 32
19 87
98 19
39 62
39 80
93 9
65 24
56 51
20 9
9 12
24 48
5 61
61 4
93 75
37 76
47 90
72 30
73 63
34 64
77 43
28 9
19 18
10 61
5 98
48 20
38 6
14 19
24 30
29 27
85 75
95 32
3 91
24 54
11 84
43 29
19 32
83 39
65 74
33 8
58 6
4 78
72 82
37 29
99 75
63 20
45 21
90 65
20 46
48 8
20 9
74 35
81 70
75 21
55 42
18 75
7 22
49 81
47 78
4 61
22 51
77 67
79 27
36 32
74 77
8 91
49 60
80 60
7 19
96 42
95 95
35 27
54 12
80 37
55 64
95 8
75 86
86 69
96 32
8 50
96 17
38 98
69 4
49 3
99 79
4 99
63 94
93 44
68 68
79 1
21 43
25 77
43 35
29 52
25 64
69 3
8 71
9 1
74 44
1 8
58 26
64 20
64 25
9 73
3 46
14 51
31 98
53 35
41 88
76 51
82 73
83 68
11 42
38 17
74 84
55 36
63 90
80 10
91 3
41 37
68 15
33 81
94 84
41 44
13 97
18 98
12 20
91 37
47 4
89 27
4 59
19 55
22 5
21 17
99 95
26 74
32 42
18 92
51 6
97 39
63 58
85 59
100 27
100 3
36 70
16 88
19 24
83 34
85 12
50 7
88 95
2 40
5 54
74 48
18 84
8 32
94 46
85 87
68 70
4 98
31 38
54 61
53 84
5 12
28 97
70 97
89 88
74 39
72 96
78 44
60 43
51 79
6 18
5 44
80 21
93 22
78 92
6 98
15 64
66 25
31 19
21 5
59 34
26 18
16 57
17 30
36 13
34 69
14 95
77 83
75 61
57 40
95 99
87 10
95 82
9 9
63 25
68 88
48 31
73 93
95 27
7 74
94 81
91 32
4 23
46 57
19 93
37 40
54 61
33 30
56 98
91 30
20 47
64 98
17 90
29 55
82 44
72 12
32 43
89 50
67 8
30 78
89 74
55 75
70 93
45 60
93 9
33 22
30 33
98 4
77 81
17 12
79 2
56 74
8 75
13 15
88 74
82 59
81 43
24 38
39 67
51 61
70 73
95 10
92 100
80 54
81 29
87 63
86 45
100 9
31 27
75 85
78 4
4 64
44 89
92 100
95 60
6 43
35 34
14 57
85 76
26 33
22 73
59 52
81 43
76 65
26 91
89 68
7 17
90 94
83 22
85 40
30 20
45 47
34 86
12 47
56 62
25 73
5 98
100 54
76 35
66 59
44 83
36 45
54 2
15 85
94 43
77 46
49 72
65 81
21 57
42 88
20 69
60 58
5 95
99 13
6 39
75 15
18 57
18 28
97 23
66 17
57 27
96 74
51 10
79 77
5 54
46 88
65 4
14 62
80 34
99 90
42 85
45 11
6 79
81 52
39 94
75 22
38 51
93 9
45 14
2 74
57 99
92 94
25 17
6 97
39 52
99 14
32 24
78 85
62 80
8 26
26 58
5 67
45 70
9 41
2 27
99 98
82 99
12 36
52 35
7 48
16 55
51 50
26 4
56 62
23 72
80 26
40 46
72 64
31 60
52 52
46 67
17 61
56 65
53 76
55 92
15 67
84 34
34 5
70 24
2 42
76 7
18 41
38 31
86 79
3 86
55 68
9 47
17 93
99 76
60 62
44 34
74 53
63 4
7 98
28 53
55 2
7 70
98 27
31 43
74 54
3 75
74 94
50 27
17 71
82 1
32 80
99 11
78 92
90 60
66 44
38 71
43 67
74 72
60 89
42 33
55 60
79 39
15 34
87 7
7 62
56 48
75 95
40 72
18 40
85 22
96 34
84 17
44 20
80 99
70 73
98 9
28 20
41 62
61 57
49 14
14 8
40 84
41 70
44 6
32 58
33 59
75 1
48 78
14 20
47 69
87 92
63 96
13 16
92 95
57 61
80 56
2 53
1 79
15 47
35 4
35 62
22 51
40 69
4 42
100 83
82 31
40 31
1 34
42 11
46 44
76 97
45 4
99 25
3 1
90 11
54 43
71 22
84 70
76 93
66 54
9 58
70 59
66 37
64 66
45 91
32 70
67 79
28 60
76 6
28 25
33 94
48 97
15 86
63 88
3 34
12 88
18 80
61 69
71 61
10 37
14 67
67 82
97 65
48 42
9 60
23 33
85 31
26 43
98 21
49 98
50 62
97 62
7 56
61 20
60 91
78 41
57 91
55 70
83 51
55 49
10 78
62 56
83 65
76 59
84 92
37 91
23 69
12 31
64 8
70 37
45 72
29 70
43 53
78 36
2 53
3 33
100 15
43 94
52 13
93 9
39 4
88 97
50 75
56 77
47 66
80 36
78 62
64 4
97 1
37 56
63 35
30 81
21 73
51 28
25 80
51 57
61 47
39 77
31 66
72 70
56 15
42 72
65 41
37 80
29 50
86 36
7 38
71 38
27 95
15 98
48 7
38 20
44 84
13 64
2 96
1 96
65 9
60 65
41 42
42 71
60 100
26 56
43 11
56 6
45 23
18 78
45 2
35 15
52 50
70 91
73 36
67 99
25 79
94 72
79 35
56 93
28 61
82 87
52 70
3 95
83 43
63 61
89 82
71 67
23 79
20 72
81 31
42 23
22 37
38 9
40 74
95 23
73 98
9 94
9 37
21 70
65 53
82 98
94 61
89 77
18 76
55 63
79 49
58 43
11 96
12 65
52 49
58 23
20 25
41 23
82 29
82 63
54 45
91 31
84 3
29 64
47 1
64 48
78 64
81 30
24 6
85 83
50 43
25 34
83 53
86 6
33 87
41 54
91 51
2 20
34 29
30 64
50 90
1 91
3 36
59 20
14 38
100 28
14 58
18 31
92 34
73 70
26 97
28 58
60 68
9 82
25 33
39 53
18 33
63 36
43 98
10 79
44 19
19 3
68 38
15 19
77 87
93 26
22 88
59 52
58 30
91 98
2 19
4 99
11 69
67 85
52 10
76 59
14 37
77 59
70 71
7 84
88 18
17 37
98 6
44 84
99 14
36 35
46 89
84 56
62 96
26 71
18 90
64 68
37 85
82 4
61 39
23 53
64 71
11 26
14 11
81 94
9 12
12 90
10 79
99 93
89 24
59 50
4 45
42 45
31 6
3 2
4 49
53 83
66 87
89 10
70 61
71 30
57 53
81 19
82 13
49 35
64 15
80 78
78 68
97 34
100 19
16 69
82 20
64 93
90 63
90 27
71 69
11 23
49 57
95 100
69 72
6 22
77 50
93 82
10 66
72 77
54 62
13 16
2 59
4 91
81 32
82 58
36 72
22 11
45 98
67 47
2 49
40 32
90 21
71 23
5 92
80 79
72 98
11 82
41 98
88 59
89 37
18 31
13 43
36 64
69 80
62 70
97 78
15 21
1 97
69 36
11 85
21 5
96 12
76 95
11 22
16 50
1 41
49 76
100 30
39 19
30 15
12 60
25 73
19 10
96 89
100 6
36 83
69 60
89 40
7 46
31 32
65 37
21 37
87 35
56 27
89 46
99 11
53 45
61 40
25 18
79 49
33 37
65 74
55 54
87 59
73 38
73 49
12 75
63 22
36 36
33 5
8 13
82 86
93 95
90 57
62 28
72 23
52 57
53 93
37 41
46 42
66 29
47 98
90 91
86 80
45 42
40 17
72 70
7 10
89 19
7 73
37 97
93 49
39 100
38 12
28 28
22 52
5 94
48 44
24 60
79 50
68 39
69 70
83 84
60 83
93 17
51 43
62 20
58 40
21 83
10 32
47 99
22 69
37 93
23 77
97 46
14 5
35 46
24 59
71 28
27 80
18 12
86 22
27 31
63 68
11 10
77 44
87 98
11 48
50 19
65 6
96 91
27 68
95 47
92 98
52 28
92 56
31 20
94 61
34 56
86 35
64 51
47 27
58 43
19 38
78 100
51 6
19 14
50 3
59 25
92 62
67 79
49 45
59 41
1 33
60 49
57 81
80 33
97 47
44 64
71 45
57 10
9 1
29 12
78 35
80 6
86 62
72 22
11 90
81 20
88 8
7 7
73 46
19 15
24 61
53 71
52 65
90 33
77 77
70 74
43 80
79 76
84 52
51 75
27 83
20 66
36 64
85 9
99 42
52 79
3 9
11 17
4 88
33 42
61 25
21 87
34 27
14 99
11 99
97 20
75 7
20 97
68 44
91 89
73 16
40 6
54 5
43 65
74 62
23 31
83 4
49 61
41 12
38 46
76 97
23 32
50 15
76 96
37 27
40 2
89 23
38 2
23 23
94 36
25 60
55 95
19 32
47 59
46 82
54 19
18 11
90 90
99 39
44 94
8 7
49 48
3 56
87 73
59 90
47 43
99 46
48 93
3 64
43 62
92 88
48 54
68 97
67 74
10 80
79 71
13 58
75 45
82 32
82 33
15 38
54 57
25 71
27 20
77 9
81 83
23 30
88 33
89 28
27 88
47 39
6 91
57 22
94 17
55 82
14 22
25 2
40 77
18 7
37 13
33 45
59 57
89 36
56 68
88 10
63 28
41 78
48 1
85 78
77 72
37 35
14 46
40 4
10 49
31 27
40 81
79 23
32 25
73 46
95 39
20 42
13 27
31 21
26 14
86 57
89 57
22 15
58 33
57 26
98 18
23 84
10 50
92 61
3 23
26 24
23 37
41 74
80 17
92 69
85 56
65 38
16 2
4 77
35 20
92 82
81 76
93 4
50 98
53 78
89 12
77 15
96 55
76 17
37 72
21 80
23 89
8 43
31 1
12 93
44 31
91 7
66 60
36 75
53 19
57 46
82 84
41 28
82 97
70 12
98 7
50 15
87 16
45 78
96 9
50 51
20 17
49 30
74 16
31 57
50 20
43 32
25 87
86 74
72 78
59 17
46 29
95 15
40 51
90 22
60 21
37 3
22 2
23 32
73 39
1 5
61 6
24 11
95 58
99 70
19 46
47 6
69 51
45 21
1 64
17 63
6 84
57 6
82 99
73 55
37 15
79 69
33 69
35 73
43 17
60 57
97 83
79 23
18 97
18 68
36 23
21 3
47 85
92 18
96 79
79 42
32 8
38 84
89 72
94 20
12 70
64 86
36 60
2 79
28 83
89 84
13 95
14 22
68 10
91 28
53 63
92 11
86 2
18 41
87 41
83 82
91 18
7 75
72 98
22 12
62 81
59 62
37 45
33 69
13 28
35 62
76 62
19 84
48 35
63 75
64 65
68 98
67 28
28 31
10 54
10 49
87 89
97 89
22 53
39 98
24 13
89 77
14 4
88 96
52 90
35 64
41 16
2 21
83 39
86 77
43 43
72 100
79 18
12 17
67 24
95 81
9 9
47 20
92 33
59 11
88 30
89 14
45 8
85 55
44 85
73 32
83 13
49 3
16 35
6 92
62 27
16 23
23 52
4 43
87 40
35 1
89 37
97 6
67 10
6 40
15 73
70 51
94 90
55 32
94 40
88 10
80 62
42 94
9 93
56 76
22 43
34 32
100 61
91 50
90 99
93 81
79 70
98 67
42 23
53 91
99 33
71 63
5 37
38 78
87 2
5 57
11 72
43 6
56 43
76 68
44 62
66 49
48 3
39 14
80 83
33 72
45 69
2 20
51 75
66 23
41 46
57 78
81 78
29 20
7 94
48 93
58 55
34 7
78 29
87 69
91 81
25 83
30 6
56 1
35 76
6 91
32 86
32 84
99 41
68 9
61 57
33 78
81 73
62 18
24 98
56 80
43 61
80 83
96 63
77 36
49 68
48 86
65 7
7 18
95 11
72 58
45 38
14 29
10 83
57 53
11 49
98 99
2 100
77 22
76 52
92 99
9 51
62 40
95 68
60 94
23 31
52 13
78 95
59 37
6 97
2 10
24 44
18 32
39 30
11 90
94 57
33 34
87 25
96 59
87 3
64 8
67 62
40 42
24 69
57 79
93 57
35 98
98 17
76 35
41 65
70 17
51 75
41 89
99 86
59 3
21 16
90 73
33 38
60 18
39 63
68 58
31 78
22 96
80 93
62 3
1 90
26 91
28 27
59 31
50 38
50 21
94 95
7 35
78 11
40 47
81 35
45 8
18 49
33 37
3 93
68 85
57 93
79 37
20 13
95 40
99 86
64 57
87 50
36 90
17 44
100 54
59 93
80 55
90 62
47 41
93 39
79 39
34 76
21 14
84 2
82 59
50 42
69 8
2 45
92 13
78 31
37 67
31 86
99 5
50 38
89 33
60 93
60 11
58 34
77 98
11 55
23 45
68 66
67 27
69 48
68 20
78 56
82 5
21 67
10 70
10 32
12 58
22 11
61 99
95 23
72 15
53 85
43 7
42 3
54 7
94 29
55 73
71 98
72 26
84 86
87 52
14 96
46 55
37 36
86 2
65 3
61 56
22 98
47 83
97 98
31 37
32 52
55 39
72 83
78 55
23 81
39 10
52 50
23 66
91 100
78 89
19 56
23 23
63 73
66 93
59 53
28 98
16 18
40 47
26 76
41 24
53 91
41 57
51 84
97 69
71 24
68 27
16 86
63 98
88 23
81 44
31 55
61 28
19 3
34 3
30 94
36 59
56 74
92 93
58 96
91 51
21 14
33 89
68 50
45 51
64 88
29 42
92 21
5 38
23 51
55 74
67 87
68 19
68 11
57 22
53 46
71 26
16 4
30 100
46 46
81 23
75 55
87 9
54 19
5 12
17 54
67 96
50 7
79 36
49 55
92 21
15 82
67 98
97 19
65 16
52 45
86 46
84 13
16 90
27 9
37 99
48 36
71 74
39 66
56 40
25 33
84 18
30 36
43 79
98 91
58 19
47 4
31 77
8 59
46 47
51 6
93 63
35 24
24 28
86 25
5 55
25 97
72 45
26 86
56 98
74 42
46 39
69 4
38 85
78 89
85 100
23 87
72 32
50 95
7 52
10 7
36 7
62 71
73 15
69 1
48 82
76 77
72 51
51 51
47 4
5 49
31 10
25 11
83 100
51 19
19 46
86 55
19 62
30 39
63 67
1 75
78 42
10 37
13 52
87 85
14 83
30 59
9 2
38 67
98 85
5 99
43 1
94 92
76 88
61 14
16 59
90 50
82 53
52 79
59 81
82 37
85 83
65 24
23 39
45 23
84 1
88 35
17 25
98 62
63 26
95 100
76 43
22 90
83 84
26 91
72 95
38 75
29 72
9 43
32 23
64 51
87 15
57 37
28 87
7 70
99 54
18 88
9 30
97 65
22 5
66 44
71 82
15 18
46 3
21 89
72 57
64 11
3 41
51 41
6 74
54 38
63 71
37 81
44 21
32 86
40 94
5 89
43 53
89 69
21 48
7 13
68 85
52 8
60 49
14 21
29 68
2 11
31 3
4 37
32 23
89 13
9 67
90 32
100 42
97 67
53 32
96 38
39 17
37 5
44 4
64 8
79 83
10 20
13 56
37 97
78 86
86 11
96 67
92 15
99 83
97 62
20 8
40 57
27 22
13 68
43 100
30 78
28 9
4 84
67 43
37 95
89 26
81 74
28 13
44 11
25 13
44 94
39 95
73 9
28 24
4 54
52 56
45 8
44 57
99 98
15 31
52 96
77 23
78 83
75 74
3 85
94 68
78 55
28 84
42 18
21 34
77 61
35 87
23 5
85 80
96 88
87 37
11 6
26 42
60 100
63 40
15 81
51 51
16 97
97 85
56 92
37 86
43 58
65 80
7 75
53 16
18 56
99 32
50 50
12 75
48 10
80 77
78 18
44 55
3 81
58 42
96 69
5 1
98 83
94 11
33 64
89 49
76 24
10 26
63 22
52 79
95 64
93 73
35 90
85 37
38 99
40 16
89 77
51 97
23 34
37 27
36 4
33 22
79 83
82 36
85 19
34 29
60 80
71 5
18 63
73 20
36 43
7 85
43 6
61 35
45 3
41 46
57 52
91 25
95 67
65 100
37 9
65 45
76 64
89 100
87 51
99 16
38 26
39 79
66 58
61 28
17 17
63 8
7 11
78 74
55 10
88 62
95 56
26 95
61 6
17 42
27 76
49 91
68 60
6 3
39 14
21 90
31 49
8 55
9 99
67 47
76 81
17 45
55 100
64 91
40 77
1 24
29 87
73 28
97 30
29 78
46 96
27 16
62 10
26 61
95 70
89 23
71 17
79 77
36 79
53 55
23 69
81 43
90 40
34 27
92 9
7 23
15 5
20 82
41 53
58 24
44 11
80 63
94 32
27 54
42 44
45 65
40 84
28 90
22 44
13 65
72 16
69 31
61 75
98 3
11 43
94 40
98 98
92 20
60 13
80 41
56 22
99 65
8 72
81 22
86 91
31 6
61 92
83 83
99 47
73 78
47 24
58 60
39 68
33 30
88 94
19 50
4 23
32 57
60 96
34 11
32 32
89 84
26 74
61 15
34 15
92 19
8 11
74 31
52 62
43 20
31 21
45 92
42 9
3 97
94 37
2 51
78 22
81 33
3 33
7 90
74 99
55 40
95 52
87 5
82 64
88 100
39 89
5 54
78 38
56 10
38 15
57 96
62 97
51 24
23 94
74 32
100 39
95 8
41 96
29 56
17 50
71 85
48 100
44 32
21 47
87 75
67 1
61 53
3 39
17 51
56 49
2 73
71 92
3 75
7 96
91 20
19 63
43 5
91 20
91 28
67 37
87 97
63 71
90 37
57 34
20 12
81 90
4 15
64 85
72 31
56 6
77 66
24 90
64 47
67 82
41 23
42 78
82 22
49 42
28 65
40 50
98 43
79 84
78 20
63 45
48 25
9 20
26 7
73 95
72 58
56 7
79 81
55 55
2 79
41 11
4 23
76 8
34 19
98 91
38 86
27 82
28 98
61 87
81 30
58 31
48 58
64 82
92 40
70 34
73 7
33 27
98 21
96 83
19 74
6 67
3 81
19 84
52 22
12 49
50 17
63 99
64 63
6 93
33 13
37 27
91 42
14 75
23 96
90 84
82 65
10 19
86 3
62 19
8 51
11 53
18 45
46 82
98 32
76 86
9 96
26 89
28 45
93 53
43 60
95 33
16 64
52 36
75 11
82 37
90 48
2 5
46 87
36 53
97 36
22 89
26 38
68 83
37 47
8 6
62 48
42 52
89 24
87 14
10 28
28 12
12 99
48 2
90 87
4 59
53 42
85 85
39 2
52 57
77 43
53 99
39 90
23 41
57 28
76 61
4 35
79 70
72 24
57 50
60 38
58 41
89 88
60 60
97 35
65 55
88 10
36 91
60 1
59 69
84 11
20 73
16 85
97 67
52 22
1 83
98 19
3 55
11 75
99 6
58 44
20 79
75 54
95 64
75 86
22 99
9 67
11 93
29 35
57 72
76 85
26 61
80 75
86 57
11 94
92 11
88 40
23 74
38 7
62 40
89 18
10 46
71 92
43 64
48 99
99 13
67 49
79 29
15 30
4 75
10 87
58 9
2 75
15 73
81 26
34 63
96 54
94 76
48 22
23 65
30 76
87 9
62 77
6 14
39 58
80 95
73 100
59 76
95 1
70 82
57 9
95 32
94 97
38 65
19 11
55 43
34 30
66 99
77 54
83 41
30 94
96 78
11 11
28 16
8 94
4 40
30 60
17 87
66 24
27 58
76 25
70 90
21 29
72 80
37 68
25 2
75 10
82 2
51 40
96 93
90 80
58 23
61 63
76 29
28 18
94 3
29 32
44 75
88 33
91 10
28 1
26 97
89 96
53 2
49 91
10 77
52 75
15 16
76 47
15 23
2 54
99 13
81 28
73 77
99 73
24 84
100 11
2 45
6 40
95 35
42 89
1 51
95 8
43 98
17 22
77 97
6 2
67 54
36 55
60 20
55 63
57 27
91 13
67 45
22 67
94 81
74 73
49 42
27 3
6 9
41 17
53 37
51 30
13 28
96 70
21 11
70 14
45 75
11 35
66 3
95 6
72 94
29 22
36 46
35 90
8 94
86 48
11 86
6 28
46 16
86 92
66 66
43 92
43 29
61 6
18 44
23 16
42 14
14 59
29 22
7 88
28 4
30 13
42 85
3 4
76 36
63 36
52 33
82 94
88 99
85 38
65 44
94 89
70 79
58 70
4 7
4 91
79 67
88 28
52 58
90 59
42 72
88 94
3 80
14 63
39 83
99 11
5 43
67 96
25 100
95 84
62 14
37 41
98 50
11 92
29 31
44 59
69 22
48 58
45 65
83 13
38 50
78 70
73 60
77 17
74 55
34 84
28 59
65 59
99 98
43 46
27 98
76 20
40 64
91 94
8 22
82 5
95 83
5 96
29 50
70 82
89 35
34 94
91 43
42 6
31 33
79 5
39 75
70 28
96 95
61 3
48 37
35 11
10 52
76 7
60 99
98 7
79 98
20 56
30 90
19 78
69 55
18 49
75 33
92 69
47 40
18 18
72 64
36 86
89 100
86 83
18 80
51 90
44 21
4 29
73 64
10 7
29 12
6 41
33 77
44 27
50 36
3 13
10 52
4 73
48 67
44 58
6 80
52 67
12 69
34 73
66 21
60 8
38 3
88 5
68 18
67 49
32 100
88 36
26 28
3 59
85 67
2 36
90 11
53 93
48 78
28 95
16 46
56 39
30 37
49 79
21 53
94 83
70 78
99 97
37 25
56 67
61 11
8 88
89 68
8 42
73 12
27 25
96 2
48 21
51 8
58 76
55 10
73 32
28 70
32 67
10 49
44 67
29 3
29 31
51 1
31 2
92 78
93 58
6 99
99 16
29 73
31 71
28 43
72 54
2 99
26 87
38 95
82 58
24 26
13 93
9 94
29 77
67 70
2 36
85 59
36 29
74 5
81 55
8 37
60 26
3 57
7 30
27 82
90 94
84 53
43 43
25 1
36 19
84 9
88 84
16 23
44 24
36 69
96 90
21 88
68 65
55 13
64 76
80 14
87 97
25 14
96 29
78 26
100 50
99 72
45 86
81 44
54 34
34 62
100 66
36 80
19 73
25 76
51 50
67 33
43 35
1 69
52 74
74 99
71 38
5 63
58 86
26 52
85 90
8 33
78 27
57 16
89 93
7 63
97 96
79 84
67 92
44 44
57 82
2 92
11 7
92 76
6 39
2 53
72 3
68 33
50 55
3 27
77 27
24 50
30 49
94 57
48 14
44 51
18 95
83 37
34 11
93 19
52 37
44 58
2 22
34 52
58 71
94 26
100 42
98 92
88 91
42 81
47 29
21 48
96 55
48 5
49 55
22 16
8 64
54 1
8 13
65 6
15 47
10 2
51 25
91 43
44 37
88 6
75 9
62 52
44 43
21 44
16 72
89 37
43 85
51 68
19 5
76 99
74 75
80 55
58 6
74 79
37 62
26 24
4 85
93 43
23 82
40 37
46 54
55 17
24 94
93 73
5 50
37 96
9 11
7 14
44 95
44 82
34 77
27 11
96 42
70 41
68 55
54 57
59 62
16 24
87 20
12 18
4 31
87 51
79 3
96 88
49 96
46 31
3 38
8 80
18 46
72 90
79 18
15 58
67 70
6 62
36 84
75 12
39 21
45 35
97 20
62 78
19 96
18 19
53 32
12 54
13 11
72 28
97 56
36 23
63 39
34 11
30 12
78 44
76 97
42 67
70 78
31 50
31 80
2 65
8 70
61 58
43 94
80 75
32 70
5 11
19 9
31 76
84 89
90 27
79 86
72 91
6 26
99 23
31 15
59 81
42 58
20 80
53 18
11 10
94 41
49 50
73 18
7 7
65 57
6 60
32 56
85 25
92 58
82 35
7 58
8 88
92 93
99 29
34 52
58 61
47 70
43 31
29 54
76 78
94 56
60 26
3 11
62 12
57 54
83 93
43 35
78 87
34 23
92 81
66 51
94 11
100 38
93 73
91 13
82 53
74 35
50 61
58 64
79 2
87 75
55 51
2 89
31 98
9 89
81 77
56 6
82 40
28 59
72 45
12 59
32 86
18 83
77 5
92 30
18 67
52 86
21 9
48 53
80 72
19 10
90 90
48 9
99 72
53 58
67 33
37 46
69 60
90 41
88 58
34 11
34 50
58 13
2 84
82 92
92 9
61 36
70 98
24 97
38 68
64 2
38 71
9 55
62 75
79 73
62 20
35 25
11 49
89 71
79 87
32 9
7 87
30 67
69 47
46 9
10 24
98 80
83 71
49 41
98 49
88 9
21 25
24 15
53 34
56 91
22 23
71 77
41 76
90 5
22 32
62 97
51 71
80 68
68 76
100 78
4 38
59 64
94 72
59 27
33 70
35 63
45 8
12 28
86 43
88 74
53 81
93 45
42 74
34 38
15 62
20 67
18 1
44 92
32 63
7 79
48 78
35 11
32 5
12 32
92 36
22 52
25 55
66 76
41 58
35 36
39 49
50 24
37 53
65 8
99 19
81 91
60 2
30 4
51 95
49 40
34 4
85 42
5 100
37 51
74 72
85 65
41 53
89 100
77 73
43 52
37 17
39 50
36 33
16 89
46 77
60 38
43 34
31 48
61 80
26 50
37 80
32 14
4 48
28 55
15 79
89 11
21 82
10 24
88 55
55 81
22 15
76 31
75 66
73 73
58 45
47 27
98 50
10 26
50 62
40 40
99 32
18 41
25 3
31 82
94 85
29 20
97 12
59 95
50 16
82 3
43 37
80 14
19 74
97 73
56 22
50 56
29 29
55 30
50 73
1 19
64 16
45 76
28 14
43 42
20 63
31 72
15 55
88 47
95 76
36 80
90 37
19 53
3 39
80 47
66 17
80 67
55 66
17 80
48 88
79 66
75 26
13 59
63 77
19 81
1 39
57 83
80 83
1 68
18 29
35 88
75 75
65 20
19 53
83 94
42 55
6 64
85 62
1 64
53 65
51 22
22 25
85 74
71 21
94 25
48 90
52 61
29 83
90 11
4 47
75 70
27 36
39 79
48 83
21 59
100 79
16 70
11 51
82 12
29 26
100 99
91 43
33 5
8 4
55 81
69 36
58 15
35 94
37 35
65 14
73 16
75 84
85 30
21 61
73 67
70 56
45 36
65 10
10 84
26 63
73 18
45 80
79 40
52 14
77 54
1 3
23 40
87 30
52 76
94 82
35 54
48 7
85 85
53 41
45 79
67 96
53 51
41 97
17 87
30 89
4 52
31 34
100 99
38 100
90 57
89 26
23 50
66 55
78 24
99 22
83 30
29 26
59 25
7 70
83 27
73 22
69 72
1 24
41 59
77 71
51 69
13 5
93 81
61 47
62 22
14 70
56 13
7 96
69 49
45 9
4 42
43 17
1 14
48 52
73 84
43 56
36 61
66 44
7 28
1 52
25 33
44 71
74 41
26 77
63 37
56 78
22 60
100 76
6 80
92 33
76 90
50 28
81 29
63 76
20 35
27 84
72 39
92 27
1 3
71 77
80 44
88 50
59 79
8 70
72 66
100 5
4 37
17 65
73 91
54 81
29 75
63 78
86 67
11 19
18 58
50 65
41 6
21 19
95 7
50 66
18 44
42 7
100 48
70 26
56 64
8 3
7 37
2 57
26 58
97 47
35 59
60 37
68 62
56 39
18 51
57 56
40 59
33 90
41 30
67 4
47 86
75 25
89 14
42 8
24 39
6 60
64 24
84 72
97 68
89 51
29 1
5 49
53 25
90 37
53 5
68 100
93 9
72 97
41 82
47 72
81 9
55 61
17 25
63 10
32 22
16 16
37 63
58 51
4 94
29 10
59 64
19 13
91 77
2 84
49 63
9 63
51 87
69 25
20 81
44 61
52 94
15 11
31 4
8 24
98 10
27 25
57 97
87 8
96 42
76 50
1 85
64 57
73 81
61 33
74 29
96 54
42 25
81 26
29 31
30 31
21 83
32 96
70 52
83 8
51 93
97 46
8 48
34 86
26 82
43 72
32 10
98 93
93 22
72 51
11 70
31 74
55 9
86 1
76 34
14 19
6 31
8 42
63 77
69 62
5 35
88 36
43 24
51 70
52 56
42 91
74 49
55 28
42 51
5 63
26 11
71 77
23 13
4 40
76 39
12 92
8 47
64 99
37 38
9 99
82 24
63 81
51 96
90 18
51 84
50 1
59 64
93 92
51 84
26 6
10 66
57 38
56 28
93 80
59 33
52 59
16 19
42 61
36 55
89 8
3 19
78 50
91 7
63 66
94 65
32 4
35 32
18 5
20 55
22 91
2 56
92 33
59 3
32 2
23 4
83 93
83 81
10 62
9 63
83 8
31 11
62 18
7 32
65 49
61 24
49 91
25 18
32 39
11 26
67 35
6 29
59 14
24 51
12 85
99 36
77 24
1 17
66 86
81 2
3 4
2 31
5 34
84 13
2 97
10 32
31 51
25 44
58 28
91 71
26 15
11 29
25 74
1 25
46 80
100 20
79 40
50 9
36 33
51 33
25 45
11 38
52 38
37 81
41 54
45 36
64 4
23 73
42 95
40 27
68 53
7 94
78 72
76 70
21 4
22 40
14 36
29 16
40 26
36 38
73 83
92 42
84 71
29 41
4 16
78 87
97 36
36 91
42 16
99 61
3 89
66 90
98 16
83 21
65 74
7 63
24 61
65 48
18 82
98 95
1 46
41 33
7 14
98 71
83 52
23 5
40 36
80 58
28 18
3 62
89 97
84 65
9 97
83 47
2 94
71 12
36 62
73 61
21 63
38 88
27 20
17 11
83 48
63 31
88 15
48 90
80 96
76 39
1 10
72 31
20 51
98 58
71 39
23 11
49 29
68 65
22 100
6 45
60 33
28 17
60 70
85 90
30 2
2 39
6 89
100 33
11 75
66 41
23 91
12 25
28 87
54 68
28 34
4 37
35 31
9 73
36 98
85 78
87 42
28 68
37 56
2 96
30 5
97 55
25 89
37 57
80 87
24 46
38 81
81 2
64 39
69 17
27 88
28 14
73 87
52 84
19 56
39 72
28 34
79 68
65 93
66 3
45 40
34 2
83 1
71 51
78 8
71 84
45 15
37 47
3 29
2 13
85 13
46 4
89 21
79 12
91 68
64 12
81 87
90 23
93 45
30 89
2 74
98 43
3 43
27 48
31 31
51 38
7 61
1 51
19 1
54 57
8 40
71 55
13 48
38 10
76 9
1 37
37 95
54 73
87 95
67 28
93 29
67 25
68 9
5 67
20 39
16 43
9 71
89 45
88 93
72 65
35 72
51 63
22 94
90 5
29 85
10 50
66 28
6 99
80 53
100 57
20 95
66 48
87 69
66 78
67 70
26 1
67 67
64 38
81 22
18 58
3 75
26 98
67 30
83 38
51 7
81 49
10 11
27 53
27 49
21 69
30 88
97 14
59 36
80 99
7 3
98 10
80 6
26 45
1 25
27 92
65 30
80 31
23 13
23 10
33 66
39 40
51 45
63 49
18 31
5 60
50 14
88 76
52 33
86 16
48 60
97 100
31 63
57 42
23 42
15 54
66 99
1 65
68 8
9 100
89 80
59 11
16 33
92 59
49 37
18 52
10 36
32 45
83 13
38 96
44 5
30 75
22 54
61 12
1 66
18 82
94 87
78 94
51 43
29 56
62 40
18 70
6 21
25 32
8 71
62 38
54 92
10 77
2 62
46 69
11 56
69 74
92 24
16 90
64 95
20 27
22 96
21 82
32 4
38 75
21 78
91 36
35 88
78 96
58 69
23 53
16 90
44 48
38 8
42 6
74 96
11 53
65 40
57 6
96 82
53 50
56 7
87 77
85 15
59 25
7 68
6 93
57 39
100 27
40 7
62 74
16 80
73 93
9 92
69 19
32 4
64 15
92 92
48 29
39 34
5 96
13 95
7 76
98 68
47 84
30 86
1 46
37 2
67 39
55 91
59 18
92 47
2 56
99 77
68 84
9 89
72 6
92 88
99 77
80 1
83 6
58 81
51 47
55 63
33 28
62 95
66 75
69 29
80 58
37 69
72 96
2 42
84 67
59 4
91 39
37 74
17 57
16 68
66 65
91 21
69 57
3 24
94 100
34 93
19 31
38 81
50 92
39 52
71 48
91 56
23 35
92 69
39 51
83 16
38 95
46 28
62 81
59 95
28 86
39 52
95 50
47 39
35 20
45 10
84 20
33 49
81 34
18 27
72 2
100 78
17 82
28 55
7 76
10 32
24 80
65 77
57 23
7 28
18 36
36 52
23 3
84 86
4 81
17 36
83 76
40 84
2 51
74 8
97 26
25 49
12 4
79 77
37 57
53 31
79 41
46 93
34 89
73 19
41 79
83 59
79 56
96 2
96 55
29 82
65 23
47 62
70 64
5 89
65 93
5 49
95 39
40 13
21 26
92 32
14 65
3 39
60 3
77 23
4 47
17 47
10 9
18 18
18 18
35 35
99 14
38 36
97 88
86 92
66 86
53 74
51 23
16 98
29 61
6 64
82 26
20 98
65 99
95 77
87 48
67 94
54 18
52 61
100 80
11 57
60 59
32 53
70 45
16 38
84 37
81 73
82 53
1 28
67 35
49 22
65 44
29 4
43 25
18 73
42 81
62 50
68 73
19 58
36 12
9 87
52 45
45 13
50 8
92 49
36 3
95 89
16 11
71 88
28 16
22 86
80 85
79 23
61 86
65 32
91 39
57 82
6 91
8 80
12 59
25 69
11 51
99 10
96 81
12 75
96 68
60 60
65 68
24 95
51 66
6 61
23 48
69 37
41 94
95 53
84 91
25 68
25 5
96 86
54 19
30 72
50 35
75 64
99 87
4 17
70 61
33 93
29 75
81 65
88 81
94 80
85 92
43 13
10 59
11 97
66 90
36 34
8 72
81 73
44 35
76 11
99 28
71 98
93 62
45 88
73 75
4 73
49 22
41 10
100 40
46 67
93 51
69 41
71 40
19 64
79 85
37 87
28 98
82 96
31 12
76 89
41 5
83 60
32 6
35 55
96 85
13 21
97 24
67 88
20 56
35 76
85 43
51 19
31 36
59 49
80 14
55 50
5 39
79 42
68 18
16 43
88 7
3 78
27 49
5 77
74 36
4 12
94 45
29 55
44 43
85 36
23 37
24 79
35 42
59 78
86 85
3 96
42 28
50 28
30 76
41 28
38 39
51 67
26 12
79 91
33 54
35 21
81 51
67 96
3 99
43 59
13 78
71 70
74 21
16 17
13 71
70 87
47 56
98 83
10 32
83 17
73 15
29 72
79 80
12 4
24 66
34 79
15 52
64 62
56 30
72 52
14 81
54 70
52 79
68 5
27 45
45 32
37 64
42 48
23 99
40 29
47 57
52 40
29 76
44 36
55 60
96 65
42 26
84 50
64 91
33 61
18 98
11 19
4 46
32 79
72 99
6 1
93 22
40 67
49 30
3 1
59 39
87 32
56 16
82 4
9 68
47 54
95 72
17 40
38 24
10 41
72 22
65 54
27 97
57 54
50 6
50 82
93 18
77 56
70 99
39 24
97 72
73 25
33 31
44 83
42 76
77 98
24 17
3 6
32 11
14 67
27 81
63 62
89 60
21 41
80 66
4 7
77 79
6 72
41 37
78 40
52 94
35 77
20 78
66 77
43 74
71 89
71 36
45 82
29 20
35 11
33 53
28 45
28 18
37 85
29 74
41 99
86 9
89 18
96 19
14 65
89 16
96 46
14 17
23 76
70 48
12 54
39 6
54 72
78 79
15 66
12 34
81 95
10 69
7 17
98 10
47 14
26 59
77 90
17 18
48 61
41 49
64 60
27 81
43 59
82 60
78 96
55 13
20 48
67 59
37 95
60 94
67 94
3 69
41 22
75 100
44 47
22 25
99 56
59 19
26 56
81 27
57 69
6 94
86 28
56 72
97 33
81 95
43 82
93 71
98 88
84 90
35 95
72 89
91 85
91 95
8 100
84 2
57 58
90 91
96 86
57 53
4 69
6 89
31 75
16 2
32 73
74 22
39 17
9 47
86 70
14 40
41 27
49 4
92 32
14 53
67 23
97 33
96 78
9 81
3 9
98 34
1 83
59 80
30 33
33 14
29 46
92 33
17 57
30 52
21 32
40 95
78 87
60 71
85 27
22 12
43 12
52 61
44 47
9 4
51 50
56 98
50 86
5 86
82 32
71 33
31 66
61 9
40 55
62 38
99 98
56 26
26 22
91 24
57 33
73 68
85 56
4 91
49 98
66 9
41 30
25 27
33 83
51 92
30 85
90 60
77 21
87 10
35 97
6 77
92 19
52 13
19 27
89 37
2 70
30 99
84 24
26 51
95 55
23 18
45 31
45 18
40 82
16 66
7 100
26 17
7 41
65 13
40 44
29 80
13 78
28 38
54 50
70 53
48 82
11 31
12 44
25 90
10 91
98 100
52 57
47 88
38 53
21 42
48 96
13 42
64 50
54 3
49 5
26 100
57 54
21 50
27 22
18 45
27 3
53 56
46 19
31 77
33 96
80 18
6 63
61 54
47 46
13 11
21 70
8 95
95 28
20 83
28 78
91 19
70 55
40 75
45 100
89 26
59 4
21 30
56 44
14 12
96 40
74 37
78 46
76 70
83 73
31 67
16 61
31 96
36 84
41 2
41 47
53 17
73 31
14 59
40 70
43 16
53 99
96 20
35 44
81 61
53 58
60 51
1 86
45 15
54 10
17 17
1 94
29 15
71 5
35 2
36 23
40 74
42 55
53 27
30 22
12 85
23 74
90 86
21 55
96 12
78 11
64 34
64 47
61 83
75 20
7 42
7 52
12 35
9 57
22 27
15 44
51 78
6 6
14 96
3 79
84 77
55 41
55 43
85 65
12 57
66 85
83 2
22 87
78 74
58 76
58 2
94 53
28 90
32 51
8 1
21 62
91 87
95 14
4 49
69 79
51 8
98 74
43 95
16 74
56 58
23 94
9 94
83 12
92 22
87 27
33 85
24 52
23 94
87 97
53 9
4 20
99 83
86 91
51 82
73 23
69 18
77 28
92 77
72 28
43 28
95 91
2 29
19 35
59 83
96 5
18 71
89 39
92 87
44 93
47 80
58 89
24 55
87 54
59 78
85 40
8 6
63 66
70 17
93 30
72 39
34 27
99 77
19 36
32 34
60 48
14 37
1 33
42 21
12 95
54 56
61 90
29 87
7 98
89 16
73 12
82 98
47 39
60 67
9 72
77 90
54 18
96 23
92 7
67 31
78 67
2 96
21 85
64 16
90 53
39 15
2 13
18 6
28 94
80 21
21 89
71 35
39 69
48 28
33 26
64 5
13 43
60 47
72 64
79 97
27 46
77 22
5 59
78 87
15 74
81 55
34 83
97 82
9 77
25 74
85 25
53 50
63 96
35 42
6 45
7 65
69 25
53 37
1 41
84 40
29 68
49 7
43 1
85 27
75 58
52 63
49 21
33 69
41 23
6 31
83 14
9 52
40 6
32 51
70 87
83 43
61 81
70 63
50 97
63 18
40 91
17 7
52 58
45 70
74 12
61 29
42 70
19 22
38 26
26 100
59 32
4 14
8 81
18 78
44 32
75 99
41 46
58 36
10 50
60 82
38 100
69 72
37 20
76 61
100 58
37 30
31 68
85 62
41 45
52 60
10 29
84 67
71 55
93 5
5 19
26 64
4 39
15 11
87 30
97 52
63 54
29 73
62 35
22 23
3 79
80 72
60 65
56 67
90 86
41 98
95 31
90 94
58 72
69 8
2 8
74 92
67 58
11 95
38 47
80 87
45 94
86 93
64 37
58 40
30 21
2 42
39 81
4 54
58 63
98 51
51 36
32 78
60 89
45 50
33 66
35 47
94 59
99 59
84 60
90 5
99 34
43 11
27 43
47 46
70 88
23 61
11 87
92 20
100 33
74 33
87 85
63 16
21 16
88 49
94 50
30 22
58 30
40 90
24 16
26 70
92 10
57 24
53 19
99 23
73 91
67 58
79 4
74 23
9 58
51 65
41 79
68 95
70 12
40 99
77 25
17 26
32 79
65 29
74 99
58 23
22 13
76 40
48 67
70 8
7 17
96 6
92 95
47 4
32 92
58 99
99 58
1 4
66 86
46 23
57 91
51 92
37 95
77 96
2 10
91 51
35 34
91 6
15 57
47 8
77 1
94 29
27 72
22 36
85 34
94 64
41 10
1 23
58 94
76 48
68 72
49 47
8 59
92 58
2 72
62 97
92 49
41 97
96 43
52 32
92 38
10 18
5 23
41 70
8 84
91 57
77 73
3 91
24 16
93 58
3 16
92 60
60 44
43 71
3 11
60 82
36 61
5 78
97 29
40 79
12 23
95 22
98 53
11 56
13 18
1 8
15 93
89 15
30 46
22 37
1 98
2 63
52 88
33 24
81 82
93 76
77 91
26 92
19 10
15 1
84 100
40 24
46 21
34 36
56 86
98 73
14 87
76 77
96 2
62 22
76 79
71 5
87 6
92 40
87 92
1 91
8 98
73 22
70 10
20 2
10 80
14 20
94 15
77 50
39 64
26 53
91 82
57 75
68 15
75 34
57 37
10 13
36 50
39 82
98 71
25 33
90 97
3 25
47 79
17 70
28 8
71 53
91 9
93 10
94 59
80 42
49 45
93 9
89 46
28 31
41 4
45 46
80 37
14 26
95 100
86 92
30 23
16 28
22 83
57 41
47 46
12 57
60 68
11 56
56 48
16 41
79 88
17 36
16 53
2 31
1 22
75 4
24 20
6 51
83 76
24 55
21 27
14 24
96 66
95 96
67 23
63 3
53 53
77 48
69 41
76 57
78 64
71 65
65 32
30 2
59 6
61 63
39 3
5 19
39 79
36 69
68 84
18 24
96 68
37 84
32 96
71 69
95 70
42 47
2 92
60 13
18 62
44 5
98 48
97 16
78 19
91 81
45 70
25 6
85 18
56 2
76 14
85 70
87 62
66 60
96 8
97 5
39 26
57 38
12 94
40 44
69 93
10 2
91 77
64 67
31 67
14 52
31 11
3 22
39 59
64 1
83 35
23 23
36 86
75 14
23 5
34 36
40 41
17 28
62 22
83 84
64 20
64 21
62 48
2 97
68 65
81 77
34 11
69 84
86 56
95 92
69 82
24 59
83 61
91 71
23 95
66 4
100 62
40 76
45 15
38 51
59 15
43 65
17 45
49 11
56 86
22 50
69 48
95 73
69 85
97 73
4 66
93 70
46 2
87 24
59 3
48 78
15 15
37 70
88 76
68 5
60 67
52 53
58 59
46 99
22 36
4 21
44 18
73 38
85 24
35 70
60 32
12 61
59 75
41 8
36 19
29 77
38 6
88 71
24 65
74 18
36 40
38 11
65 66
6 30
33 100
6 90
47 3
67 68
56 6
3 25
12 56
17 76
25 93
83 15
31 75
65 28
36 52
53 71
26 100
27 74
33 73
95 66
92 66
80 60
21 6
10 12
47 15
89 6
22 10
20 61
71 80
67 67
69 97
80 84
76 36
56 8
95 81
58 67
3 55
36 24
41 14
3 45
93 66
63 5
44 4
83 31
18 47
86 76
1 67
47 30
6 83
12 63
40 21
69 99
78 75
35 9
9 69
68 78
27 24
96 93
67 98
45 75
94 47
24 24
38 52
77 33
52 76
64 5
64 48
81 6
82 61
17 20
2 42
70 88
12 97
64 37
44 54
94 47
97 52
78 31
60 23
13 54
32 16
61 3
8 53
9 51
93 92
32 49
62 37
44 46
55 29
33 44
90 15
20 57
60 88
61 10
99 44
81 29
33 69
2 55
18 38
90 84
27 18
66 48
67 13
86 24
94 96
86 28
87 33
77 20
50 53
3 32
45 1
2 89
65 44
21 30
74 30
99 70
91 60
25 63
10 54
64 6
35 30
61 69
50 45
10 96
63 50
49 11
36 95
7 3
67 61
92 53
78 52
77 93
72 13
58 83
4 98
66 40
59 56
82 80
17 66
41 81
49 56
75 1
5 7
54 76
8 99
73 57
1 99
24 72
63 49
89 85
26 4
35 26
4 22
8 94
8 7
50 65
16 60
62 36
53 32
92 20
89 45
62 42
57 80
6 62
83 71
90 31
4 28
65 35
85 47
18 22
52 23
44 92
33 26
62 43
43 51
2 95
40 83
25 66
86 15
57 24
77 67
64 17
43 77
18 99
42 83
14 16
25 16
47 17
45 63
62 53
4 9
10 34
90 48
84 58
35 86
85 46
47 43
19 4
51 55
10 18
46 23
93 13
98 25
86 9
74 35
93 86
78 64
77 53
36 41
50 6
87 70
32 60
86 32
25 70
72 27
33 18
79 18
8 39
91 62
48 72
19 35
77 100
70 57
5 24
85 97
73 51
66 19
61 91
86 42
15 57
60 23
1 77
61 19
4 10
16 4
26 59
31 78
92 94
35 24
9 80
14 85
99 46
52 85
84 11
2 3
29 68
80 28
89 33
36 45
69 88
3 73
50 4
50 50
66 47
94 93
73 81
75 15
21 7
77 79
7 57
46 15
57 5
63 72
18 86
62 44
39 88
47 37
93 37
28 50
100 4
83 52
57 44
81 93
73 74
15 23
99 17
47 48
51 73
53 2
45 95
12 31
4 13
32 1
89 64
5 39
30 66
68 54
66 71
68 80
29 43
67 26
90 86
84 69
14 41
15 26
24 73
16 65
25 31
8 96
28 99
36 15
6 25
16 41
26 3
60 75
9 95
28 29
21 80
54 87
9 4
54 96
61 39
95 15
31 11
61 32
29 31
38 37
37 4
68 74
64 21
85 25
70 36
80 51
40 32
36 28
21 94
87 73
16 25
32 56
57 87
71 13
38 55
41 26
51 60
23 69
41 94
46 43
17 11
71 7
20 85
88 37
73 13
90 50
40 21
3 30
25 52
41 73
11 62
25 59
4 78
71 75
69 23
1 86
45 28
16 2
33 16
63 25
60 12
31 34
7 66
82 61
29 93
36 45
47 74
12 88
23 85
51 98
13 45
60 26
7 72
64 40
30 82
53 35
76 78
8 25
5 99
92 69
52 67
12 60
62 91
58 71
5 11
18 82
15 85
72 77
91 78
88 91
66 31
24 9
23 91
70 76
21 88
10 57
3 48
51 91
82 72
13 67
58 35
47 95
12 28
95 56
24 7
14 50
38 32
100 30
48 11
81 53
51 73
55 24
89 76
64 4
19 2
37 59
89 21
60 95
90 81
48 38
48 16
41 86
39 23
48 2
2 94
6 63
53 69
24 34
64 72
9 38
79 93
96 69
53 2
38 76
52 4
40 30
14 58
37 10
68 56
24 47
32 92
45 19
43 46
44 89
87 11
49 56
83 69
29 65
32 25
50 52
72 12
90 24
98 64
64 66
70 20
29 4
87 74
18 67
8 13
79 11
30 72
12 61
91 59
52 7
89 77
13 32
63 52
44 89
76 32
39 58
87 41
50 95
1 29
60 60
9 74
43 28
44 87
58 78
32 80
24 50
10 35
73 64
63 11
89 16
64 21
41 28
87 32
70 56
28 69
63 60
93 34
76 6
55 21
59 88
23 48
81 28
72 9
86 89
73 100
19 32
79 53
10 2
11 86
56 68
12 64
78 99
28 34
21 76
39 26
35 76
4 79
50 12
46 94
78 57
100 47
53 5
31 13
1 94
6 85
89 77
60 94
46 17
57 1
57 8
92 2
57 52
22 92
31 3
84 42
34 57
21 27
44 56
11 91
54 91
16 42
69 79
3 65
85 5
42 18
27 83
25 41
36 95
70 8
88 67
73 5
32 18
47 17
5 74
24 93
75 57
78 43
86 92
93 88
24 16
1 42
19 86
72 26
45 60
98 28
79 98
73 56
19 81
16 48
62 57
59 92
28 65
49 94
16 98
90 67
44 26
56 78
90 55
80 93
81 9
77 48
32 49
91 31
77 84
78 14
90 29
11 38
3 95
29 55
26 75
71 72
51 62
27 83
52 19
88 92
46 54
95 6
60 87
87 69
73 57
33 59
55 62
77 49
91 87
17 78
58 63
28 50
36 91
44 30
34 88
93 41
54 50
14 24
93 62
59 48
77 61
28 41
94 25
35 8
15 87
99 90
24 63
38 5
27 78
49 89
31 78
29 74
25 87
19 37
47 30
2 14
12 89
67 85
9 48
21 78
88 92
89 92
4 62
63 34
16 20
22 23
7 34
3 39
59 91
53 26
11 61
33 49
92 89
23 27
5 21
96 6
96 55
27 33
3 37
46 88
21 19
8 68
24 39
100 7
31 37
25 90
23 50
66 60
27 99
11 62
81 15
70 7
18 88
64 40
21 36
20 93
62 65
84 99
83 93
14 99
89 46
37 89
58 9
59 1
79 60
80 92
85 24
36 97
75 83
28 53
17 9
27 77
8 89
41 100
90 50
58 70
38 84
70 40
15 97
79 33
64 67
47 61
13 67
50 78
49 88
51 2
77 8
15 56
89 86
82 15
3 66
77 7
73 31
73 63
43 60
76 36
61 59
77 85
13 7
65 95
13 74
97 23
46 8
22 27
51 18
23 87
90 5
82 78
38 6
42 49
89 29
92 91
30 97
51 43
1 34
22 74
88 3
2 37
50 78
22 56
36 65
27 90
24 14
55 50
36 28
15 93
48 47
96 26
88 81
10 1
36 93
63 59
70 79
87 68
1 85
81 54
74 71
66 64
47 14
73 31
15 27
18 56
7 91
8 13
77 33
7 47
62 66
77 29
73 89
98 49
98 28
93 9
95 43
53 70
18 23
85 29
18 31
26 36
60 50
11 71
56 62
53 45
41 18
61 5
72 85
45 70
26 55
10 89
30 20
13 14
45 87
18 24
29 40
43 59
81 79
97 2
71 22
54 13
49 53
98 39
78 96
67 83
60 27
1 41
38 48
30 62
100 17
90 57
94 88
79 5
22 61
61 62
58 60
85 79
96 11
87 74
85 18
31 78
26 38
30 59
14 53
86 21
82 40
63 62
43 31
30 98
98 84
4 14
54 1
50 34
1 71
42 59
31 5
48 51
35 80
70 32
66 98
75 4
24 1
31 1
21 76
95 13
44 9
32 26
36 24
63 65
56 30
50 24
91 94
5 61
37 88
96 38
60 69
53 62
2 18
92 71
27 94
55 6
49 48
47 49
81 29
66 74
31 14
48 14
66 62
69 20
78 68
47 26
66 50
41 44
63 57
35 68
75 87
72 71
100 68
68 77
94 65
68 59
98 35
81 7
27 91
88 51
31 67
6 97
75 46
100 50
39 36
69 98
41 43
42 6
53 11
80 50
70 49
97 92
37 28
68 39
69 43
49 19
91 39
75 20
28 33
50 79
44 5
60 71
26 56
55 65
87 62
40 17
8 37
43 84
40 91
8 41
41 10
37 80
15 36
49 75
47 1
17 28
84 84
14 86
18 10
9 8
23 55
66 9
83 24
67 38
88 56
74 61
62 65
56 72
5 15
2 13
19 50
93 48
79 28
46 66
28 73
68 95
92 40
7 62
63 52
87 50
67 16
84 64
98 24
5 14
80 63
62 55
95 86
56 92
13 87
65 7
57 42
41 99
24 32
59 79
49 47
4 51
56 36
54 69
83 37
48 59
15 1
69 43
15 71
4 6
18 57
55 80
31 35
82 15
16 77
8 73
93 35
68 23
100 77
96 27
24 87
93 61
28 90
100 47
43 67
86 5
78 59
59 56
6 1
27 70
10 56
94 1
94 36
48 5
86 59
37 77
41 93
68 77
56 27
55 35
91 12
93 93
54 89
21 99
8 38
31 30
67 46
3 31
3 61
65 35
95 28
46 34
12 61
98 95
29 16
86 8
89 49
88 100
2 84
11 41
61 55
44 29
63 35
27 59
82 64
1 27
5 76
63 25
3 62
42 70
66 6
57 72
51 22
46 95
42 37
58 20
65 69
22 17
26 28
27 62
38 3
56 23
57 80
99 6
5 58
67 24
93 29
71 98
70 32
45 2
82 97
5 48
47 80
44 24
57 28
20 40
32 52
86 98
53 42
44 45
35 73
16 15
26 85
69 25
61 69
87 39
29 55
90 63
69 33
44 18
58 96
12 18
87 13
1 75
56 35
40 56
62 61
77 2
69 71
38 62
44 82
57 13
100 97
29 27
96 83
13 77
22 24
41 56
30 7
29 10
5 77
78 61
36 100
90 75
49 67
25 5
75 24
15 8
3 83
40 7
68 50
52 6
46 78
11 84
65 19
36 94
13 67
34 75
49 8
32 44
92 41
38 8
74 6
56 9
10 53
97 21
58 11
92 79
58 84
41 81
47 96
16 26
87 56
41 96
35 28
89 31
45 43
88 28
40 67
44 92
65 89
7 72
28 80
86 34
15 26
26 86
2 7
22 33
70 95
71 59
66 73
80 93
12 85
87 82
10 68
93 23
9 5
46 86
88 40
30 26
15 8
1 85
47 12
35 44
5 38
12 92
60 96
28 26
11 54
93 2
57 25
22 25
25 61
95 27
31 22
28 19
35 15
9 30
12 82
79 26
38 78
71 61
58 92
31 55
41 24
25 65
68 63
37 8
21 74
29 49
55 61
21 22
83 88
6 7
81 25
66 62
7 87
65 81
26 27
71 33
22 12
30 41
76 51
20 77
70 98
5 89
1 7
66 99
17 1
80 6
82 93
58 92
14 3
16 14
79 9
94 40
88 75
19 25
27 17
91 78
44 62
52 35
78 10
57 40
29 39
97 86
61 94
11 60
59 15
30 68
23 15
87 36
92 11
15 37
11 66
34 31
13 20
4 49
16 35
3 59
18 83
26 74
71 42
87 53
32 44
37 52
59 2
8 39
79 71
86 78
20 29
55 84
2 15
30 64
59 28
4 85
90 45
28 69
88 5
88 33
57 14
47 99
9 68
74 93
27 61
70 15
79 38
90 5
17 81
19 31
69 38
91 22
77 15
3 62
93 29
12 34
37 72
71 43
89 55
32 54
48 77
6 74
30 83
97 31
24 11
81 73
46 34
60 29
47 98
60 32
4 62
97 52
98 66
11 96
18 83
14 31
50 63
1 35
42 79
23 1
3 31
56 31
62 23
23 22
26 36
45 90
95 44
36 46
80 88
12 63
100 81
33 81
36 7
4 53
38 56
83 13
57 77
38 97
87 99
65 24
48 32
95 44
86 81
66 48
28 60
69 41
60 66
67 22
78 69
22 94
54 2
95 9
42 80
11 40
47 29
19 12
21 99
61 2
44 46
73 69
72 66
21 18
3 31
91 67
54 75
91 7
74 3
93 66
67 50
6 47
80 30
69 71
35 61
40 87
16 18
3 24
75 58
5 26
17 45
46 92
92 47
74 79
25 94
6 92
38 70
29 10
12 49
4 53
15 55
78 70
89 23
75 53
99 75
98 73
78 62
86 20
93 49
79 87
90 12
88 24
52 28
90 44
61 97
44 26
50 7
87 90
77 5
11 39
66 94
96 26
68 52
10 62
11 21
19 37
65 53
32 72
70 25
84 76
1 22
65 46
94 45
44 54
35 95
100 45
78 52
57 54
89 32
15 68
28 67
67 35
6 63
4 12
18 69
82 59
68 31
56 74
61 56
84 32
85 47
75 26
6 48
22 58
21 89
92 70
90 76
10 26
21 6
96 62
85 72
55 92
59 93
90 3
22 63
78 100
51 89
42 17
9 56
31 19
65 53
97 2
39 32
12 9
4 8
73 99
91 63
44 69
41 31
98 26
51 69
32 35
87 67
68 70
34 32
72 23
82 81
94 19
99 67
37 55
53 25
61 1
61 73
71 10
11 92
52 67
44 15
14 72
31 54
55 95
95 23
47 18
13 47
71 22
8 85
38 52
28 26
15 11
18 94
42 59
71 94
58 42
72 66
38 48
18 20
21 90
56 82
62 1
28 60
94 42
71 83
85 100
67 78
55 61
26 3
12 97
81 61
53 79
83 84
98 74
61 71
67 89
75 71
26 61
87 54
74 30
65 51
29 8
55 95
97 75
21 63
27 47
32 95
76 13
41 65
17 37
58 4
97 39
84 11
64 16
26 78
74 22
97 17
43 77
93 100
82 16
43 72
64 80
68 99
18 48
20 79
79 1
37 8
14 84
20 45
20 66
85 32
18 85
24 37
32 74
22 47
25 47
84 86
11 77
80 48
7 100
21 39
95 13
94 27
71 94
33 41
82 12
5 92
13 75
92 95
36 84
16 2
91 33
20 3
71 61
37 41
1 31
68 83
92 62
16 38
12 91
51 93
87 70
98 12
61 17
45 87
45 95
77 37
21 66
15 12
40 94
93 6
65 45
37 81
61 21
5 58
45 69
42 88
36 43
12 86
46 73
88 67
81 18
82 3
67 25
87 47
62 3
49 68
51 2
94 34
51 87
16 81
48 18
39 85
26 30
29 78
61 94
81 46
31 92
61 73
18 93
88 9
81 2
12 16
49 5
29 48
39 60
52 32
50 96
68 79
59 77
91 79
42 81
92 59
52 94
74 24
60 42
54 65
72 83
23 86
81 84
68 61
16 6
22 90
67 34
61 4
100 4
28 82
46 49
16 99
6 8
22 71
98 78
7 58
40 73
69 36
85 3
70 97
24 91
17 78
35 5
33 41
25 9
97 19
54 62
66 72
55 54
35 86
64 49
55 72
2 18
67 67
3 7
45 17
14 49
66 12
82 9
31 36
76 73
31 98
61 53
17 100
94 55
56 75
95 89
16 48
17 53
61 84
22 55
97 50
8 97
46 22
38 18
71 28
37 77
56 38
6 35
86 50
45 9
80 38
33 68
24 83
54 19
3 23
67 58
60 48
51 63
85 96
48 75
68 83
74 29
43 99
38 31
51 65
96 99
60 94
7 64
29 70
100 97
44 41
77 54
8 44
94 65
94 70
76 57
45 21
8 73
57 68
87 10
71 75
47 47
36 48
66 59
48 80
9 44
60 93
49 54
62 77
66 32
9 31
35 66
68 99
7 15
27 78
11 67
88 68
59 7
87 7
36 82
31 23
96 1
71 20
93 46
11 99
93 5
59 64
68 58
66 24
62 73
57 92
85 78
96 57
64 98
57 95
79 83
69 41
19 72
30 70
97 6
72 80
43 9
59 32
45 89
46 6
36 37
12 93
19 73
68 100
43 9
83 46
32 43
11 49
74 71
32 12
89 16
32 66
72 55
95 28
28 36
10 36
8 49
8 50
21 15
52 35
68 73
36 10
9 74
69 29
92 23
1 29
79 38
14 62
54 64
3 10
65 36
8 33
31 84
29 35
89 100
10 11
27 38
78 65
63 85
94 9
41 84
42 40
61 39
15 7
46 35
39 23
40 51
74 73
75 22
44 44
70 56
29 54
22 59
46 99
95 25
53 56
43 58
30 15
98 49
1 77
6 22
7 12
63 78
11 48
99 24
76 10
39 91
50 33
38 47
57 92
33 70
38 22
2 30
90 84
20 49
26 41
71 34
10 41
16 61
48 59
83 74
84 17
97 94
24 57
74 9
13 66
89 13
11 90
99 6
12 50
12 100
28 33
52 90
74 48
18 18
14 43
93 39
100 98
61 46
96 61
25 59
50 88
27 11
42 97
66 70
79 6
5 9
71 63
76 67
24 66
85 54
10 17
87 79
54 32
22 57
24 45
43 71
89 64
86 7
38 65
67 58
95 85
31 68
60 98
86 6
31 83
46 5
42 23
84 83
91 46
60 52
80 23
24 94
97 32
64 63
77 87
35 35
13 62
27 45
9 44
13 51
68 64
64 59
91 42
96 2
85 41
56 81
53 63
76 26
64 22
10 54
58 47
88 84
9 86
80 28
41 51
62 29
39 97
53 78
39 20
86 55
73 77
60 36
64 77
98 36
32 6
92 39
51 2
33 77
91 69
55 5
78 88
14 29
71 22
80 69
33 90
50 18
19 16
64 10
16 42
65 51
38 4
46 37
70 55
48 36
65 98
62 69
45 24
16 4
19 19
15 64
85 20
49 2
16 46
45 52
90 56
100 53
40 44
78 32
100 51
56 61
41 6
42 91
89 78
40 23
37 11
92 45
54 89
27 24
46 13
65 4
98 48
13 3
52 85
3 70
71 84
41 27
85 32
75 45
12 66
79 53
45 80
41 25
66 65
93 22
25 21
89 13
82 52
65 14
68 52
27 24
72 36
26 90
40 61
56 88
32 2
6 71
64 16
8 25
97 37
11 39
62 94
55 50
11 89
26 22
7 63
60 75
99 19
53 96
18 96
81 62
45 70
59 35
42 72
70 83
64 8
49 49
90 72
53 81
3 89
56 95
7 31
29 7
34 96
61 83
48 64
99 42
16 3
56 48
77 45
75 20
4 75
26 82
34 59
57 57
26 64
1 48
19 49
32 18
55 96
81 93
64 53
39 96
19 95
20 46
33 23
43 89
4 63
18 48
54 20
42 59
64 51
1 14
88 89
56 26
9 98
38 53
87 66
95 24
78 95
45 95
50 18
86 62
17 6
69 69
71 10
17 46
74 41
69 82
53 21
54 98
86 26
5 63
44 16
57 67
1 27
36 55
68 46
56 29
66 5
24 29
8 64
1 3
95 77
39 85
47 31
98 83
62 74
30 50
45 98
64 91
42 57
73 41
65 13
57 88
71 32
71 52
2 48
12 100
15 75
75 85
27 36
97 72
65 5
49 34
68 2
8 19
37 4
17 26
82 15
88 32
65 95
69 4
97 33
16 68
51 49
16 34
45 54
29 68
17 27
78 63
82 14
51 13
67 15
76 3
66 14
1 12
91 56
78 38
45 20
47 28
81 60
7 20
56 86
1 9
62 55
91 68
52 41
31 50
96 13
45 75
33 46
56 71
96 49
45 75
21 53
81 63
33 83
57 29
56 91
93 73
62 42
92 5
72 1
38 59
9 73
77 90
51 61
22 26
17 35
77 94
23 95
96 76
57 84
18 22
65 76
89 9
25 44
77 59
31 95
98 7
7 11
38 98
90 88
93 62
77 2
52 1
69 17
20 12
12 2
14 49
59 6
61 100
39 91
18 62
37 64
23 18
64 44
25 80
58 5
46 21
59 92
90 19
59 54
14 56
60 23
95 90
62 63
97 48
41 49
24 11
92 2
33 39
74 45
36 40
18 81
76 60
99 90
6 78
76 73
5 10
97 82
2 81
48 85
44 9
53 77
28 51
28 19
47 93
5 48
96 52
16 56
66 3
36 4
84 65
43 23
100 54
60 64
96 14
9 51
21 24
32 39
56 47
29 24
3 77
66 80
40 75
53 89
78 3
43 42
35 4
88 30
16 23
38 52
35 61
81 62
60 78
48 93
16 90
44 2
8 61
56 3
55 18
29 29
22 13
33 39
11 61
87 90
94 61
78 62
97 81
90 56
21 4
45 17
98 77
21 62
41 63
99 31
86 21
44 56
81 12
86 93
97 60
1 78
96 41
8 5
77 57
47 15
29 36
11 82
86 46
74 12
38 13
61 74
95 29
46 55
25 93
56 31
81 7
20 61
20 73
14 44
46 25
65 3
64 63
6 30
23 42
60 36
100 6
97 87
12 46
11 84
68 84
34 15
65 97
14 61
84 4
49 63
76 12
28 78
38 71
89 92
55 23
3 14
33 25
96 97
74 80
57 36
87 65
3 81
99 40
93 42
100 38
62 16
13 79
9 22
12 23
88 71
34 36
49 51
28 64
97 17
86 84
68 52
23 30
94 67
39 95
72 47
32 12
27 24
17 30
89 31
1 48
77 81
48 1
23 44
91 53
96 98
6 23
19 93
74 99
96 75
74 63
51 11
85 51
12 29
73 96
10 47
13 97
72 57
17 80
64 4
63 47
4 63
82 80
73 74
19 30
8 39
84 56
5 16
77 83
1 86
63 54
70 70
81 34
86 57
42 36
15 37
78 40
70 74
86 85
53 85
99 71
71 46
11 39
84 94
67 41
60 46
51 42
80 6
34 63
53 27
43 68
61 17
32 41
92 82
3 92
77 56
40 6
15 10
50 85
56 99
88 6
6 19
91 84
30 12
91 25
65 88
12 82
100 19
88 18
19 47
100 55
83 7
37 7
71 24
87 69
31 84
98 70
25 82
11 63
55 53
42 41
75 32
36 37
84 4
38 74
76 49
11 85
20 22
98 33
19 25
46 18
58 63
35 96
98 1
2 65
52 68
37 73
61 38
6 27
54 82
10 8
58 87
67 18
82 93
16 72
84 46
98 80
15 63
14 33
79 78
9 81
60 10
23 65
57 19
11 69
70 99
82 25
6 18
84 96
23 84
9 50
52 73
65 9
91 74
92 22
70 58
75 25
26 71
62 29
90 30
66 37
51 15
88 28
96 15
43 16
99 67
85 90
100 90
47 65
68 44
46 74
50 32
47 73
95 16
33 66
29 56
41 52
54 95
17 56
99 96
74 92
71 40
23 59
95 66
42 30
62 48
90 30
21 20
39 66
23 61
24 93
6 98
45 8
90 50
30 50
16 32
61 95
23 98
21 24
59 69
53 1
74 94
80 47
1 65
28 27
18 76
4 4
82 87
