100 200
23.7181 28.4192
39.0488 4.61277
74.2904 82.6629
92.6162 59.0985
98.5562 55.5082
25.8319 57.4952
36.1957 52.9566
64.519 39.0843
77.575 31.4265
94.6569 79.1429
93.9784 33.7445
85.1595 55.6039
63.2843 87.7593
24.4312 89.6854
21.5007 79.8516
40.9684 33.1802
66.3215 97.9903
11.3668 94.7931
7.57948 78.2722
88.1191 27.5714
57.697 76.6308
93.8732 96.7839
66.1515 16.8314
17.3765 52.777
99.3167 33.9993
44.814 7.03456
68.5116 59.8184
24.6008 40.9692
76.3648 62.9362
44.4437 95.8166
75.5469 56.3793
82.6227 78.2309
67.2403 57.7589
92.8578 76.6952
54.6943 53.12
70.425 75.3327
62.597 26.3917
52.7153 71.7134
55.3586 53.8155
19.2017 11.87
35.9785 60.9778
88.3481 3.71821
66.1958 26.2545
4.64627 66.6948
48.1596 16.538
97.3103 8.18557
77.3173 90.9847
2.8676 83.1277
23.4743 18.5395
30.6034 5.05276
34.5312 71.6808
36.1745 41.8357
84.3345 41.7856
44.044 14.799
34.5611 13.2756
4.99498 2.65814
64.3851 70.044
23.0433 37.3444
11.3237 51.8123
63.5849 74.8724
61.3813 95.0837
63.0455 40.4602
11.1623 64.8233
80.5152 82.0883
64.5041 65.3062
41.6847 17.0453
11.1411 6.45746
26.5674 2.16503
20.0479 5.866
46.6721 83.4036
29.9931 40.4775
73.251 1.74647
4.50996 46.9415
45.7326 64.5149
52.1572 63.3256
43.446 48.1392
64.7049 39.8861
4.90915 58.4405
82.2374 14.7555
60.7499 34.7756
22.7538 73.7342
67.3481 10.3763
40.3611 4.01258
5.10105 88.7765
38.1855 34.4051
99.0792 74.538
23.5758 63.0284
19.4109 40.7505
56.3606 7.09152
94.4074 28.0481
8.22592 28.4827
65.8642 58.0596
28.5231 71.1293
31.1338 94.8536
40.3772 86.5588
39.9405 29.8998
82.6094 90.4802
22.2909 24.1003
27.5589 11.75
33.3614 13.8792
51.5299 89.0953
5.68211 34.6632
96.2422 73.183
52.7872 27.5742
27.9458 56.6517
21.1645 27.2761
71.4984 3.58193
81.1443 66.091
74.1937 12.228
37.2057 21.6581
59.4275 41.0193
83.4118 83.7409
14.3293 54.5617
20.9311 31.4649
12.2526 60.9098
36.6231 15.2397
71.0995 8.95556
46.0553 35.8174
94.8208 51.6857
83.3578 87.9246
38.8643 97.4454
22.8623 98.8917
28.0918 8.47598
7.96775 82.3911
41.0876 81.4002
78.7012 15.3329
81.1146 21.8881
33.931 31.8729
57.7918 10.4684
6.93934 9.8918
6.94288 17.3037
14.2438 53.3403
43.6461 69.535
90.3736 34.3022
87.5474 59.8798
31.8276 97.2614
15.2284 99.4915
83.3994 18.5444
4.55779 13.2785
40.993 57.6276
70.505 53.517
79.7995 32.8957
83.1364 52.5654
33.3081 1.88666
61.621 36.3527
54.014 78.2617
8.77454 27.0236
76.8377 65.1004
72.9138 24.4522
38.5779 75.3689
85.693 88.0584
80.7004 20.4849
32.3369 56.1943
60.1902 44.0314
32.7467 8.33011
23.8603 72.8659
76.1369 87.7132
13.6941 37.9586
4.08564 31.1096
69.8006 64.9182
25.6462 55.3012
91.3293 32.4165
43.6751 77.5245
95.2861 68.1635
71.3117 11.1309
45.4169 81.7578
61.3908 89.1958
51.3065 42.9178
81.8781 4.41077
70.291 81.8947
54.5868 73.6371
30.2096 86.903
10.9255 28.6975
85.2331 94.7865
15.8356 93.16
93.3955 83.1755
25.901 84.2271
52.538 89.3226
38.0096 61.1713
21.7816 28.0471
40.1131 43.6608
64.5692 36.9205
17.4871 46.3205
41.2348 57.4298
73.7645 64.8039
60.4965 62.0249
94.8202 19.5415
76.21 62.4594
83.2395 91.2557
73.4479 50.7873
91.4027 5.04586
3.21745 28.8529
14.1435 60.5395
8.71429 4.61619
36.2912 40.5312
26.6195 4.26578
49.7711 93.5909
14.416 5.41889
60.7224 35.8482
48.0092 57.1729
