100 200
42 10
15 22
22 46
54 83
30 78
62 51
8 73
53 100
68 77
49 33
57 89
88 17
41 27
91 4
98 33
12 35
89 19
82 30
18 3
56 97
72 13
28 62
74 43
49 50
26 15
52 48
7 84
56 11
21 89
27 16
68 20
28 98
7 34
79 67
99 22
45 58
22 48
86 24
68 98
65 44
76 59
82 25
25 28
3 80
85 12
8 49
93 4
82 97
66 22
53 93
34 21
16 96
57 5
85 3
25 20
43 3
98 86
70 47
33 49
54 96
38 80
5 74
60 64
76 92
62 43
63 77
38 18
56 32
89 13
100 61
59 12
91 55
40 22
10 28
5 6
42 84
50 17
82 71
8 94
100 16
96 83
39 34
87 100
63 24
78 75
75 23
6 26
21 22
27 13
80 60
7 47
57 81
24 59
50 55
21 93
7 92
69 47
5 65
93 52
77 40
33 91
63 12
18 40
33 12
65 47
54 26
65 68
54 86
29 58
41 54
2 75
46 97
58 5
84 83
74 31
47 36
21 19
69 2
12 57
77 13
44 43
60 1
29 62
77 65
31 86
6 71
14 83
48 54
65 70
17 58
35 56
99 82
62 58
47 17
40 62
32 61
1 22
5 27
12 88
11 33
41 82
25 78
1 67
34 100
78 45
84 9
36 78
45 36
79 6
61 53
12 28
22 90
68 68
19 44
59 82
64 52
92 40
21 40
4 62
75 64
31 3
38 56
33 68
1 30
22 41
27 19
52 61
56 78
18 60
47 31
14 18
94 37
17 2
79 68
18 82
22 87
94 8
42 43
66 40
29 17
89 72
53 9
18 64
30 30
3 55
61 69
70 56
20 44
74 3
31 6
93 43
91 86
87 3
50 76
27 2
60 1
75 39
2 84
90 73
59 25
